/*--------------------------------*- C++ -*----------------------------------*\
| =========                 |                                                 |
| \\      /  F ield         | OpenFOAM: The Open Source CFD Toolbox           |
|  \\    /   O peration     | Version:  1.7.x                                 |
|   \\  /    A nd           | Web:      www.OpenFOAM.com                      |
|    \\/     M anipulation  |                                                 |
\*---------------------------------------------------------------------------*/
FoamFile
{
    version     2.0;
    format      ascii;
    class       faceSet;
    location    "constant/polyMesh/sets";
    object      nonOrthoFaces;
}
// * * * * * * * * * * * * * * * * * * * * * * * * * * * * * * * * * * * * * //


1279
(
270372 
270376 
270377 
270379 
229435 
475200 
475201 
507970 
475203 
475204 
475206 
475207 
475209 
475210 
475212 
475213 
508003 
475235 
475236 
475238 
508007 
475239 
475241 
475242 
475244 
475245 
475247 
475248 
229495 
270461 
270465 
270466 
270468 
475270 
475271 
508040 
475273 
475274 
508044 
475276 
475277 
475279 
475280 
475305 
475306 
475308 
508077 
475309 
475311 
475312 
508081 
475314 
475315 
229555 
475340 
475341 
475343 
475344 
508114 
475346 
475347 
508118 
270550 
270554 
270555 
270557 
475375 
475376 
475378 
475379 
508151 
508155 
508188 
508192 
270639 
270643 
270644 
270646 
508225 
508229 
508262 
508266 
270728 
287114 
508299 
270732 
270733 
270734 
508303 
508336 
508340 
508373 
475608 
508377 
475609 
475611 
475612 
475614 
475615 
475617 
270817 
475618 
475620 
270820 
475621 
508410 
475643 
475644 
287229 
508414 
475646 
475647 
475649 
287233 
475650 
475652 
475653 
475655 
475656 
475678 
508447 
475679 
475681 
475682 
508451 
475684 
475685 
475687 
475688 
475713 
475714 
508484 
475716 
475717 
475719 
508488 
475720 
475722 
475723 
287319 
287322 
475748 
475749 
475751 
475752 
508521 
475754 
475755 
508525 
475783 
475784 
475786 
475787 
508558 
508562 
287408 
508595 
287411 
508599 
508632 
508636 
230135 
508669 
508673 
287497 
287500 
508706 
508710 
230195 
508743 
508747 
287586 
287589 
508780 
230255 
508784 
476016 
476017 
476019 
476020 
476022 
476023 
476025 
476026 
476028 
476029 
508817 
476051 
476052 
508821 
476054 
476055 
476057 
476058 
476060 
476061 
476063 
476064 
508854 
476086 
476087 
476089 
508858 
476090 
287675 
476092 
476093 
287678 
476095 
476096 
476121 
476122 
508891 
476124 
476125 
508895 
476127 
476128 
476130 
476131 
476156 
476157 
476159 
508928 
476160 
476162 
476163 
508932 
287764 
287767 
476191 
476192 
476194 
476195 
508965 
508969 
582704 
509002 
509005 
582737 
582741 
509027 
509029 
287853 
287856 
582774 
582777 
509060 
509066 
582799 
582801 
509097 
509103 
582832 
582838 
287942 
287945 
509134 
509140 
582869 
582875 
582896 
509171 
509177 
476424 
476425 
476427 
476428 
476430 
476431 
476433 
476434 
476436 
476437 
509208 
509214 
288031 
288034 
476459 
476460 
476462 
476463 
476465 
476466 
476468 
476469 
476471 
476472 
509245 
509251 
476494 
476495 
476497 
476498 
476500 
476501 
476503 
476504 
509282 
509288 
476529 
476530 
476532 
476533 
476535 
476536 
288120 
476538 
476539 
288123 
509319 
509325 
476564 
476565 
476567 
476568 
476570 
476571 
509356 
509362 
230835 
476599 
476600 
476602 
476603 
509393 
288209 
288212 
509399 
230895 
509430 
509436 
509467 
509473 
288298 
230955 
288301 
509504 
509510 
509541 
509547 
288387 
288390 
509578 
509584 
476832 
476833 
476835 
476836 
476838 
476839 
476841 
476842 
476844 
476845 
509615 
509621 
476867 
476868 
476870 
476871 
476873 
476874 
476876 
476877 
476879 
476880 
509652 
509658 
288476 
288479 
476902 
476903 
476905 
476906 
476908 
476909 
476911 
476912 
509689 
509695 
476937 
476938 
476940 
476941 
476943 
476944 
476946 
476947 
509726 
509732 
476972 
476973 
476975 
476976 
476978 
476979 
288565 
288568 
509763 
509769 
477007 
477008 
477010 
477011 
509800 
509806 
509837 
288654 
288657 
509843 
509874 
509880 
509911 
509917 
288743 
288746 
509948 
509954 
509985 
509991 
477240 
477241 
477243 
477244 
477246 
477247 
288832 
477249 
477250 
288834 
477252 
477253 
510022 
510028 
477275 
477276 
477278 
477279 
477281 
477282 
477284 
477285 
477287 
477288 
510059 
231535 
510065 
477310 
477311 
477313 
477314 
477316 
477317 
510086 
477319 
477320 
288920 
288922 
477345 
477346 
477348 
477349 
477351 
477352 
477354 
477355 
231595 
477380 
477381 
477383 
477384 
477386 
477387 
477415 
231655 
477416 
477418 
477419 
289034 
289041 
289125 
289130 
289214 
289219 
477648 
477649 
477650 
477651 
477652 
477653 
477654 
477655 
477656 
477657 
477671 
477672 
477673 
477674 
477675 
477676 
477677 
477678 
477679 
477680 
477694 
477695 
477696 
477697 
477698 
477699 
477700 
477701 
477717 
477718 
477719 
289303 
477720 
477721 
477722 
477723 
477724 
289308 
477740 
477741 
477742 
477743 
477744 
477745 
477763 
477764 
477765 
477766 
289392 
289397 
289481 
289486 
477912 
477914 
322272 
322274 
477953 
477958 
477961 
477963 
322323 
322329 
322333 
322335 
289570 
289575 
232235 
478002 
478007 
478010 
478012 
322374 
322379 
322382 
322384 
478051 
232295 
478056 
478059 
478061 
322423 
289659 
322428 
322431 
289664 
322433 
478100 
478105 
478108 
478110 
232355 
322472 
322477 
322480 
322482 
478149 
478154 
478157 
478159 
289748 
322521 
289753 
322526 
322529 
322531 
478198 
478203 
478206 
478208 
322570 
322575 
322578 
322580 
478247 
478252 
289837 
478255 
478257 
289842 
322619 
322624 
322627 
322629 
478296 
478301 
478304 
478306 
339042 
322668 
322673 
322676 
322678 
289926 
478345 
289931 
478350 
339086 
478353 
478355 
339091 
322717 
322722 
322725 
322727 
339124 
339128 
478394 
478399 
478402 
478404 
322766 
322771 
322774 
322776 
339161 
339165 
290015 
290020 
478443 
478448 
478451 
478453 
339198 
322815 
339202 
322820 
322823 
322825 
224535 
478492 
478497 
339235 
478500 
478502 
339239 
322864 
322869 
322872 
290104 
322874 
290109 
339272 
339276 
478541 
478546 
224595 
478549 
478551 
322913 
322918 
322921 
322923 
339309 
339313 
478590 
478595 
478598 
478600 
224655 
290193 
339346 
322962 
339350 
290198 
322967 
322970 
322972 
478639 
478644 
478647 
339383 
478649 
339387 
323011 
323016 
323019 
323020 
339420 
478688 
339424 
478693 
232935 
478696 
478698 
323050 
290282 
323053 
290287 
339457 
339461 
478737 
478742 
478745 
478747 
232995 
339494 
339498 
478786 
290371 
478791 
290376 
478794 
339531 
478796 
339535 
233055 
339568 
478835 
339572 
478840 
478843 
478845 
339605 
339608 
290460 
290465 
478884 
478889 
478892 
478894 
339630 
339632 
478933 
339673 
478938 
478941 
478943 
339681 
290549 
290554 
339712 
478982 
339718 
478987 
478990 
478992 
339749 
339755 
479031 
479036 
479039 
479041 
339786 
290638 
339792 
290643 
479080 
479085 
339823 
479088 
479090 
339829 
339860 
479129 
339866 
479134 
479137 
479139 
290727 
339897 
339903 
479178 
479183 
479186 
225235 
479188 
339934 
339940 
479227 
479232 
479235 
339971 
479237 
339977 
225295 
340008 
479276 
340014 
479281 
479284 
479285 
225355 
340045 
479315 
340051 
479318 
340082 
340088 
340119 
340125 
233635 
340156 
340162 
233695 
340193 
340199 
340220 
233755 
225935 
225995 
226055 
234334 
471936 
471937 
471939 
471940 
471942 
234374 
471943 
471945 
471946 
471948 
471949 
471971 
471972 
471974 
471975 
471977 
471978 
471980 
471981 
234414 
471983 
471984 
472006 
472007 
472009 
472010 
472012 
472013 
472015 
472016 
472041 
472042 
472044 
472045 
472047 
472048 
472050 
472051 
472076 
472077 
472079 
472080 
472082 
472083 
472111 
472112 
472114 
472115 
472344 
472345 
472347 
472348 
472350 
472351 
472353 
472354 
472356 
472357 
472379 
472380 
472382 
472383 
472385 
472386 
472388 
472389 
472391 
472392 
226635 
472414 
472415 
472417 
472418 
472420 
472421 
472423 
472424 
472449 
472450 
472452 
472453 
472455 
226695 
472456 
472458 
472459 
472484 
472485 
472487 
472488 
472490 
472491 
226755 
472519 
472520 
472522 
472523 
472752 
472753 
472755 
472756 
472758 
472759 
472761 
472762 
472764 
472765 
472787 
472788 
472790 
472791 
472793 
472794 
472796 
472797 
472799 
472800 
472822 
472823 
472825 
472826 
472828 
472829 
472831 
472832 
472857 
472858 
472860 
472861 
472863 
472864 
472866 
472867 
472892 
472893 
472895 
472896 
472898 
472899 
472927 
472928 
472930 
472931 
227335 
227395 
473160 
473161 
473163 
473164 
473166 
473167 
473169 
473170 
473172 
473173 
473195 
473196 
473198 
473199 
473201 
473202 
473204 
473205 
473207 
473208 
227455 
473230 
473231 
473233 
473234 
473236 
473237 
473239 
473240 
473265 
473266 
473268 
473269 
473271 
473272 
473274 
473275 
473300 
473301 
473303 
473304 
473306 
473307 
473335 
473336 
473338 
473339 
579894 
579896 
579935 
579940 
579943 
579945 
579984 
579989 
579992 
579993 
580023 
580026 
473568 
473569 
473571 
473572 
473574 
473575 
473577 
473578 
473580 
473581 
473603 
473604 
473606 
473607 
473609 
473610 
473612 
473613 
473615 
473616 
473638 
473639 
473641 
473642 
473644 
473645 
473647 
473648 
473673 
473674 
473676 
473677 
473679 
473680 
473682 
473683 
473708 
473709 
473711 
473712 
473714 
473715 
473743 
473744 
473746 
473747 
228035 
269012 
269014 
228095 
228155 
269124 
269129 
269131 
269133 
473976 
473977 
473979 
473980 
473982 
473983 
473985 
473986 
473988 
473989 
474011 
474012 
474014 
474015 
269215 
474017 
474018 
269219 
474020 
269220 
474021 
269222 
474023 
474024 
474046 
474047 
474049 
474050 
474052 
474053 
474055 
474056 
474081 
474082 
474084 
474085 
474087 
474088 
474090 
474091 
269304 
269308 
269309 
269311 
474116 
474117 
474119 
474120 
474122 
474123 
474151 
474152 
474154 
474155 
269393 
269397 
269398 
269400 
269482 
269486 
269487 
269489 
269571 
269575 
269576 
269578 
474384 
474385 
474387 
474388 
474390 
474391 
474393 
474394 
474396 
474397 
474419 
474420 
474422 
474423 
474425 
474426 
474428 
474429 
474431 
474432 
474454 
474455 
474457 
474458 
474460 
269660 
474461 
474463 
474464 
269664 
269665 
269667 
474489 
474490 
474492 
474493 
474495 
228735 
474496 
474498 
474499 
474524 
474525 
474527 
474528 
474530 
474531 
269749 
269753 
269754 
228795 
269756 
474559 
474560 
474562 
474563 
228855 
269838 
269842 
269843 
269845 
269927 
269931 
269932 
269934 
474792 
474793 
474795 
474796 
474798 
474799 
474801 
474802 
474804 
474805 
270016 
270020 
270021 
270023 
474827 
474828 
474830 
474831 
474833 
474834 
474836 
474837 
474839 
474840 
474862 
474863 
474865 
474866 
474868 
474869 
474871 
474872 
474897 
474898 
474900 
474901 
474903 
474904 
270105 
474906 
474907 
270109 
270110 
270112 
474932 
474933 
474935 
474936 
474938 
474939 
474967 
474968 
474970 
474971 
270194 
270198 
270199 
270201 
270283 
270287 
270288 
270290 
)

// ************************************************************************* //
