/*--------------------------------*- C++ -*----------------------------------*\
| =========                 |                                                 |
| \\      /  F ield         | OpenFOAM: The Open Source CFD Toolbox           |
|  \\    /   O peration     | Version:  2.1.0                                 |
|   \\  /    A nd           | Web:      www.OpenFOAM.org                      |
|    \\/     M anipulation  |                                                 |
\*---------------------------------------------------------------------------*/
FoamFile
{
    version     2.0;
    format      ascii;
    class       volScalarField;
    location    "5000";
    object      Frot;
}
// * * * * * * * * * * * * * * * * * * * * * * * * * * * * * * * * * * * * * //

dimensions      [0 0 0 0 0 0 0];

internalField   nonuniform List<scalar> 
15000
(
1.25
1.0025
1.11084
0
1.25
0
1.25
1.25
0
0
0
0
0
0
0
0
0
0
0
0
0
0
0
0
0
1.25
1.25
1.25
1.25
1.25
1.25
1.25
1.25
1.25
1.25
1.25
1.25
1.25
1.25
1.25
1.25
1.25
1.25
1.25
1.25
0
1.25
1.11808
1.03678
1.25
1.25
0.999049
1.02206
1.25
1.25
0
1.25
0
0
0
0
0
1.25
0
0
0
0
0
0
0
0
0
0
1.25
1.25
1.25
1.25
1.25
1.25
1.25
1.25
1.25
1.25
1.25
1.25
1.25
1.25
1.25
1.25
1.25
1.25
1.25
1.25
1.25
1.25
0
1.25
1.02374
1.00358
1.25
1.24776
1.00028
1.01292
1.25
1.25
0
1.25
0
1.25
1.25
1.25
1.25
1.25
1.25
1.25
0
1.25
1.25
1.25
1.25
1.25
1.25
0
1.25
1.25
1.25
0
0
0
0
0
0
0
0
0
0
0
0
0
0
0
0
1.25
0
1.25
0
1.25
1.01383
1.00067
1.24811
1.17888
0.999712
1.00586
1.25
1.25
0
1.25
0
1.25
0
1.25
1.25
0
1.25
1.25
1.25
1.25
1.25
1.25
1.25
0
1.25
1.25
0
0
0
0
0
0
0
0
0
0
0
0
0
0
0
0
0
1.25
0
1.25
0
1.25
1.25
1.25
1.00663
0.99915
1.17912
1.13239
0.999256
1.00287
1.06294
1.25
0
1.25
0
1.25
0
0
0
0
0
0
1.25
0
0
0
0
0
0
1.25
0
0
0
1.25
1.25
1.25
1.25
1.25
1.25
1.25
1.25
1.25
1.25
1.25
1.25
1.25
1.25
1.25
0
1.25
0
1.25
1.25
1.05965
1.00358
0.998824
1.13251
1.10045
0.999065
1.00174
1.01317
1.25
0
1.25
0
1.25
0
1.25
0
0
1.25
1.25
1.25
1.25
1.25
1.25
1.25
0
1.25
1.25
0
0
0
0
0
0
0
0
0
0
0
0
0
0
0
1.25
0
1.25
0
1.25
0
1.25
1.25
1.0104
1.00233
0.998854
1.10049
1.07792
0.99906
1.00128
1.00171
1.2363
1.25
1.25
0
1.25
0
1.25
0
1.25
0
0
0
0
1.25
0
0
0
1.25
0
1.25
0.155225
1.25
1.25
1.25
1.25
1.25
1.25
1.25
1.25
1.25
1.25
0
1.25
0
1.25
0
1.25
0
1.25
0
0
1.21359
0.999709
1.00169
0.998978
1.07793
1.06123
0.999155
1.00102
0.99911
1.05519
0
0
0
1.25
0
1.25
0
1.25
0
1.25
0
1.25
0
1.25
0
0
0
0
1.25
1.25
1.25
1.25
1.25
1.25
0
1.25
0
1.25
0
1.25
0
1.25
0
1.25
0
1.25
0
1.25
1.25
1.25
1.0508
0.997743
1.00128
0.999137
1.06123
1.04838
0.999291
1.0008
0.9987
1.01425
0.422046
0
1.25
1.25
0
1.25
0
1.25
0
1.25
0
0
1.25
0
1.25
0
1.25
0
1.25
1.25
1.25
1.25
1.25
0
1.25
0
1.25
1.25
0
1.25
0
1.25
0
1.25
0
1.25
0
1.25
1.25
1.25
1.01442
0.99782
1.00095
0.999293
1.04837
1.03826
0.999423
1.00062
0.998774
1.00502
0.74214
0
1.25
1.25
0
1.25
0
1.25
0
1.25
0
1.25
0
1.25
0
0
0
0
0
1.25
1.25
0
0
0
0
1.25
0
1.25
0
1.25
0
1.25
0
1.25
0
1.25
0
0
1.25
1.25
1.00605
0.998223
1.00071
0.999426
1.03826
1.03023
0.999536
1.00048
0.998953
1.00251
0.866304
0
1.25
0
0
1.25
0
1.25
0
1.25
0
0
1.25
0
1.25
0
1.25
0
0
1.25
1.25
0
1.25
0
1.25
0
1.25
1.25
1.25
1.25
0
1.25
0
1.25
0
1.25
1.25
0
1.25
1.127
1.00333
0.998624
1.00052
0.999539
1.03023
1.02384
0.999621
1.00035
0.99916
1.00137
0.950519
0
1.25
0
0
1.25
0
1.25
0
1.25
0
1.25
0
1.25
0
0
0
0
0
1.25
0
1.25
0
1.25
0
1.25
0
1.25
0
1.25
0
1.25
0
1.25
0
0
1.25
0
1.25
1.01081
1.00181
0.998954
1.00038
0.999624
1.02384
1.01879
0.999683
1.00025
0.999295
1.00089
0.980316
0
1.25
0
1.25
1.25
0
1.25
0
1.25
0
0
1.25
0
1.25
0
1.25
0
0
1.25
0
0
1.25
0
1.25
1.25
1.25
1.25
1.25
1.25
0
1.25
0
1.25
0
0
1.25
0
1.25
0.995329
1.00109
0.99918
1.00028
0.999685
1.01878
1.01479
0.999738
1.0002
0.999406
1.0006
0.991269
0
1.25
0
1.25
0
0
1.25
0
1.25
0
1.25
0
1.25
0
0
0
0
0
1.25
0
1.25
0
1.25
0
1.25
0
1.25
0
1.25
0
1.25
0
1.25
0
0
1.25
0
1.25
0.994583
1.00065
0.999357
1.00021
0.999739
1.01479
1.01164
0.999782
1.00017
0.999498
1.00038
0.995453
1.25
1.25
0
1.25
0
1.25
1.25
1.25
0
0
0
1.25
0
1.25
0
1.25
0
0
1.25
0
0
1.25
0
1.25
1.25
1.25
0
1.25
1.25
0
1.25
0
1.25
1.25
0
1.25
0
0.0785883
0.996042
1.00036
0.999487
1.00017
0.999783
1.01164
1.00916
0.999814
1.00014
0.999593
1.00021
0.997353
1.25
1.25
0
1.25
0
0
1.25
0
1.25
0
1.25
0
1.25
0
0
0
0
0
1.25
0
1.25
0
1.25
0
1.25
0
1.25
0
1.25
0
1.25
0
0
1.25
0
1.25
0
0.985108
0.997453
1.00019
0.999596
1.00015
0.999815
1.00916
1.00721
0.999844
1.00013
0.999679
1.00016
0.998106
1.19822
1.25
0
1.25
0
1.25
0
1.25
0
0
0
1.25
0
1.25
0
1.25
0
0
1.25
0
0
1.25
0
1.25
1.25
1.25
0
1.25
1.25
0
1.25
1.25
0
1.25
0
1.25
0
0.971275
0.998167
1.00011
0.99968
1.00013
0.999845
1.00721
1.00568
0.999871
1.00012
0.999733
1.00006
0.998692
1.05735
1.25
0
1.25
0
0
1.25
1.25
1.25
0
1.25
0
1.25
0
0
0
0
0
1.25
0
1.25
0
1.25
0
1.25
0
1.25
0
1.25
0
1.25
1.25
0
1.25
0
1.25
0
1.00375
0.998748
1.00004
0.999758
1.00012
0.999872
1.00568
1.00448
0.999892
1.0001
0.999805
0.99997
0.999166
1.01083
1.25
0
1.25
0
1.25
0
1.25
0
0
0
1.25
0
1.25
1.25
0
0
0
1.25
0
0
1.25
0
1.25
1.25
1.25
0
1.25
0
0
0
1.25
0
1.25
0
1.25
0
1.01103
0.999226
0.999972
0.999805
1.0001
0.999893
1.00448
1.00353
0.999908
1.00008
0.999829
0.999955
0.999292
1.00757
1.25
0
1.25
0
0
1.25
1.25
1.25
0
1.25
0
1.25
0
0
0
0
0
1.25
0
1.25
0
1.25
0
1.25
0
1.25
0
1.25
0
1.25
1.25
0
1.25
0
1.25
0
1.00262
0.999277
0.999953
0.999829
1.00008
0.999909
1.00353
1.00279
0.99992
1.00006
0.999844
0.999924
0.999385
1.00455
0
0
1.25
0
1.25
0
1.25
0
1.25
0
1.25
0
1.25
1.25
0
0
0
1.25
0
0
1.25
0
1.25
0
1.25
0
1.25
0
1.25
0
1.25
0
1.25
0
1.25
0
1.00104
0.999372
0.999936
0.999843
1.00007
0.999921
1.00279
1.00221
0.999931
1.00005
0.999867
0.999899
0.999481
1.00269
1.25
0
1.25
1.25
0
1.25
1.25
1.25
0
1.25
0
1.25
0
1.25
1.25
0
0
1.25
0
1.25
0
1.25
0
1.25
0
1.25
0
1.25
1.25
0
1.25
0
1.25
0
1.25
1.25
1.00065
0.999458
0.99992
0.99986
1.00005
0.999931
1.00221
1.00175
0.999939
1.00003
0.999897
0.999896
0.999549
1.00135
0.781169
0
1.25
0
1.25
0
1.25
0
1.25
0
1.25
0
1.25
1.25
0
0
0
1.25
0
0
1.25
0
1.25
0
1.25
0
1.25
0
1.25
0
1.25
0
1.25
0
1.25
1.25
1.00041
0.999559
0.999924
0.999886
1.00004
0.99994
1.00175
1.00138
0.999947
1.00002
0.999924
0.999911
0.999627
1.0007
1.25
1.25
1.25
1.25
0
1.25
1.25
1.25
0
1.25
0
1.25
0
1.25
1.25
0
0
1.25
0
1.25
0
1.25
0
1.25
0
1.25
0
1.25
1.25
0
1.25
0
1.25
0
1.25
1.25
1.00017
0.999621
0.999935
0.999907
1.00002
0.999946
1.00138
1.0011
0.999952
1.00001
0.999928
0.999918
0.99965
1.0004
0.949859
0
1.25
0
1.25
0
1.25
0
1.25
0
1.25
0
1.25
1.25
0
0
0
1.25
0
0
1.25
0
1.25
0
1.25
0
1.25
0
1.25
0
1.25
0
1.25
0
1.25
1.1991
1.00004
0.999665
0.999943
0.999919
1.00002
0.999953
1.0011
1.00087
0.999957
1.00001
0.999935
0.999927
0.999688
1.00019
1.07967
1.25
0
1.25
0
1.25
1.25
1.25
0
1.25
0
1.25
0
1.25
1.25
0
0
1.25
0
1.25
0
1.25
0
1.25
0
1.25
0
1.25
1.25
1.25
1.25
0
1.25
0
1.25
1.07638
0.999945
0.999692
0.999937
0.999924
1.00002
0.999957
1.00087
1.00069
0.99996
1.00001
0.99993
0.999917
0.999685
1.00004
1.00133
0
1.25
0
1.25
0
1.25
0
1.25
0
1.25
0
1.25
1.25
0
0
0
1.25
0
0
1.25
0
1.25
0
1.25
0
1.25
0
1.25
0
1.25
0
1.25
0
1.25
1.02934
0.999866
0.999711
0.999944
0.999929
1.00002
0.999961
1.00069
1.00055
0.999964
1.00001
0.999932
0.999923
0.999719
0.99993
1.01746
1.25
0
1.25
0
1.25
0
1.25
0
1.25
0
1.25
0
1.25
1.25
0
0
1.25
0
1.25
0
1.25
0
1.25
0
1.25
0
1.25
1.25
1.25
1.25
0
1.25
1.25
0
1.01489
0.999798
0.999729
0.999938
0.999927
1.00001
0.999964
1.00055
1.00043
0.999966
1
0.99993
0.999919
0.999728
0.99993
0.999454
0
1.25
0
1.25
0
1.25
0
1.25
0
1.25
0
0
1.25
0
0
0
1.25
0
0
0
0
1.25
0
1.25
0
1.25
0
1.25
0
1.25
0
1.25
0
1.25
1.0073
0.999842
0.999792
0.999947
0.999938
1.00002
0.999969
1.00043
1.00035
0.99997
1
0.999936
0.999915
0.999749
0.99981
1.00338
1.25
0
1.25
0
1.25
0
1.25
0
1.25
0
1.25
1.25
1.25
1.25
0
0
1.25
0
1.25
0
1.25
0
1.25
0
1.25
0
1.25
1.25
1.25
1.25
0
1.25
0
1.25
1.0019
0.999768
0.999783
0.999937
0.999939
1.00001
0.999971
1.00035
1.00027
0.999969
0.999995
0.999921
0.999901
0.999706
0.999793
1.00091
0
1.25
0
1.25
0
1.25
0
1.25
0
1.25
0
0
1.25
0
0
0
1.25
0
0
0
0
1.25
0
1.25
0
1.25
0
1.25
0
1.25
0
1.25
0
0.0944725
1.00141
0.999815
0.999783
0.999938
0.999942
1.00001
0.999974
1.00027
1.00022
0.999973
0.999995
0.999926
0.999904
0.999733
0.999735
1.00102
1.25
0
1.25
0
1.25
0
1.25
1.25
1.25
0
0
1.25
1.25
1.25
0
0
1.25
0
1.25
0
1.25
0
1.25
0
1.25
0
1.25
1.25
1.25
1.25
0
1.25
1.25
1.25
1.00059
0.999799
0.999803
0.999942
0.999945
1.00001
0.999976
1.00022
1.00017
0.999969
0.999987
0.999906
0.99989
0.999704
0.999693
0.999622
0
1.25
0
1.25
0
1.25
0
1.25
0
1.25
1.25
0
1.25
0
0
0
1.25
0
0
1.25
0
1.25
0
1.25
0
1.25
0
1.25
0
1.25
0
1.25
0
1.14891
1.00058
0.999834
0.999831
0.999954
0.999953
1.00002
0.99998
1.00017
1.00014
0.999983
0.999985
0.999917
0.999896
0.999731
0.99966
0.999769
0
0
1.25
0
1.25
0
1.25
1.25
0
1.25
0
1.25
1.25
1.25
0
0
1.25
0
1.25
0
1.25
0
1.25
0
1.25
0
1.25
1.25
1.25
1.25
1.25
1.25
1.25
1.25
1.00043
0.999853
0.999855
0.999964
0.999961
1.00002
0.999982
1.00014
1.00011
0.999967
0.99997
0.999887
0.999867
0.999684
0.999594
0.99885
1.25
1.25
0
1.25
0
1.25
0
1.25
0
0
1.25
0
1.25
0
0
0
1.25
0
0
1.25
0
1.25
0
1.25
0
1.25
0
1.25
0
1.25
0
1.25
0
1.25
1.00062
0.999907
0.999887
0.999982
0.999973
1.00002
0.999986
1.00011
1.00009
0.999971
0.999971
0.999886
0.99987
0.999697
0.99955
0.998981
0.661606
0
1.25
0
1.25
0
1.25
1.25
0
1.25
0
1.25
1.25
1.25
0
0
1.25
0
1.25
0
1.25
0
1.25
0
1.25
1.25
1.25
1.25
1.25
1.25
1.25
1.25
1.25
1.25
1.00079
0.99998
0.999927
1.00001
0.999988
1.00003
0.99999
1.00009
1.00007
0.999963
0.999947
0.999841
0.999842
0.999646
0.999477
0.998094
1.25
1.25
0
1.25
0
1.25
0
1.25
1.25
0
1.25
0
1.25
0
0
0
1.25
0
0
1.25
0
1.25
0
1.25
0
1.25
0
1.25
0
1.25
0
0
0
1.25
1.00099
1.00007
0.999979
1.00004
0.999998
1.00004
0.999994
1.00007
1.00006
0.999963
0.999943
0.999825
0.999829
0.999661
0.999411
0.998157
1.11086
0
1.25
0
0
0
1.25
1.25
0
1.25
0
1.25
1.25
1.25
0
0
1.25
0
1.25
0
1.25
0
1.25
0
1.25
0
1.25
1.25
1.25
1.25
1.25
1.25
1.25
1.16002
1.00128
1.00018
1.00006
1.00009
1.00003
1.00006
1
1.00006
1.00004
0.999959
0.999911
0.999787
0.999766
0.999586
0.999287
0.997442
1.1133
1.25
0
1.25
0
1.25
0
1.25
1.25
0
1.25
0
1.25
0
0
0
1.25
0
0
1.25
0
1.25
0
1.25
0
1.25
0
1.25
0
1.25
0
0
0
1.13182
1.00151
1.00026
1.00012
1.00013
1.00005
1.00007
1.00001
1.00005
1.00003
0.999942
0.999909
0.999766
0.999725
0.999556
0.999166
0.997427
1.04845
0
1.25
0
1.25
0
1.25
1.25
0
1.25
0
1.25
1.25
1.25
0
0
1.25
0
1.25
0
1.25
0
1.25
0
1.25
0
1.25
0
1.25
0.057976
1.25
1.25
1.25
1.08258
1.00206
1.00043
1.00022
1.0002
1.00011
1.0001
1.00002
1.00004
1.00003
0.999947
0.999859
0.999708
0.999638
0.999438
0.998985
0.996578
1.01825
1.25
0
1.25
0
1.25
0
1.25
1.25
0
1.25
0
1.25
0
0
0
1.25
0
0
1.25
0
1.25
0
1.25
0
1.25
0
1.25
0
1.25
0
0
0
1.07016
1.00236
1.00057
1.0003
1.00026
1.00016
1.00013
1.00002
1.00003
1.00002
0.999924
0.999833
0.999662
0.999556
0.999335
0.998803
0.996367
1.01619
0
1.25
0
1.25
0
1.25
0
0
1.25
0
1.25
1.25
1.25
0
0
1.25
0
1.25
0
1.25
0
1.25
0
1.25
0
1.25
0
1.25
0.562067
1.25
1.25
1.25
1.05995
1.00317
1.00082
1.00045
1.00037
1.00025
1.00017
1.00004
1.00002
1.00002
0.999909
0.999784
0.999554
0.999431
0.999181
0.998536
0.995344
0.980598
1.25
0
1.25
0
1.25
0
1.25
1.25
0
1.25
0
1.25
1.25
0
0
1.25
0
0
1.25
0
1.25
0
1.25
0
1.25
0
0
0
0
0
0
1.25
1.0571
1.00365
1.00102
1.00058
1.00047
1.00033
1.00021
1.00005
1.00002
1.00001
0.999931
0.999708
0.999527
0.999329
0.999044
0.998299
0.994951
0.992765
1.25
1.25
1.25
1.25
0
1.25
0
0
0
0
1.25
1.25
0
0
0
1.25
0
1.25
0
1.25
0
1.25
1.25
1.25
0
1.25
1.25
1.25
1.25
1.25
0
0
1.05221
1.0045
1.00136
1.00079
1.00062
1.00044
1.00028
1.00008
1.00002
1.00001
0.999878
0.999627
0.999349
0.999086
0.998772
0.997871
0.993619
0.962346
0
0
0
0
1.25
0
1.25
1.25
1.25
1.25
0
1.25
1.25
0
0
1.25
1.25
0
1.25
0
1.25
0
0
0
0
0
0
0
0
0
1.25
1.25
1.05799
1.00543
1.0017
1.00102
1.0008
1.00057
1.00035
1.0001
1.00002
1
0.999846
0.999623
0.999203
0.998972
0.998578
0.997528
0.992948
0.96845
1.25
1.25
1.25
1.25
0
1.25
0
0
0
0
1.25
1.25
1.25
0
0
1.25
1.25
1.25
0
1.25
0
1.25
0
1.25
0
1.25
1.25
1.25
1.25
0
0
0
1.05958
1.00637
1.0021
1.00127
1.00099
1.00071
1.00043
1.00013
1.00001
1
0.999814
0.999456
0.998993
0.99864
0.998161
0.996942
0.991287
0.948485
0
0
0
0
1.25
0
1.25
0
1.25
1.25
0
1.25
0
0
0
1.25
1.25
0
0
0
1.25
0
1.25
0
1.25
0
0
0
0
1.25
1.25
1.25
1.06653
1.00781
1.00265
1.00164
1.00128
1.00092
1.00055
1.00017
1.00001
0.999997
0.999792
0.999349
0.998912
0.998425
0.9979
0.996486
0.990253
0.94785
1.25
1.25
1.25
1.25
1.25
0
0
1.25
1.25
0
1.25
1.25
1.25
0
0
1.25
1.25
0
0
1.25
0
1.25
0
1.25
0
1.25
0
0
0
0
0
0
1.07005
1.00899
1.00317
1.00199
1.00156
1.00113
1.00067
1.0002
1.00001
0.999994
0.999749
0.999195
0.998577
0.997962
0.997347
0.995634
0.988253
0.930923
0
0
0
0
1.25
1.25
1.25
1.25
0
1.25
1.25
1.25
0
0
0
1.25
0
1.25
0
0
1.25
0
1.25
0
1.25
0
1.25
1.25
1.25
0
0
0
1.08012
1.01077
1.00393
1.00249
1.00196
1.00141
1.00083
1.00026
1.00002
0.99999
0.999693
0.999034
0.998295
0.99769
0.996919
0.995012
0.986708
0.926482
1.25
1.25
0
1.25
1.25
1.25
0
1.25
1.25
0
1.25
1.25
1.25
0
0
1.25
0
1.25
0
1.25
0
1.25
0
1.25
0
1.25
0
0
0
1.25
1.25
0.346578
1.08615
1.01251
1.00474
1.00304
1.00239
1.00173
1.00101
1.00031
1.00002
0.999987
0.999637
0.998889
0.997975
0.997194
0.996216
0.993909
0.984229
0.912167
0
0
1.25
0
1.25
1.25
0
1.25
0
1.25
0
1.25
1.25
0
0
1.25
0
1.25
0
1.25
1.25
1.25
1.25
1.25
1.25
1.25
1.25
1.25
1.25
1.25
1.25
0
1.09539
1.01457
1.00569
1.0037
1.00291
1.00211
1.00123
1.00038
1.00002
0.999983
0.999559
0.998586
0.997497
0.996541
0.995571
0.992971
0.981971
0.902034
1.25
1.25
0
0
1.25
1.25
1.25
0
0
0
0
1.25
0
0
0
1.25
0
1.25
0
1.25
0
1.25
0
1.25
0
1.25
0
1.25
0
0
0
1.25
1.10456
1.0168
1.00678
1.00446
1.00352
1.00255
1.00148
1.00046
1.00002
0.99998
0.999498
0.998397
0.997188
0.996027
0.994767
0.991769
0.979126
0.899144
0
0
1.25
0
1.25
1.25
0
0
1.25
0
0
1.25
1.25
0
1.25
1.25
0
0
1.25
0
1.25
1.25
1.25
1.25
0
1.25
1.25
1.25
1.25
0
0
1.25
1.1157
1.01937
1.00806
1.00537
1.00424
1.00307
1.00179
1.00056
1.00003
0.999975
0.99939
0.998055
0.996525
0.995145
0.993766
0.990293
0.975789
0.875277
1.25
1.25
0
1.25
1.25
1.25
1.25
0
0
1.25
0
1.25
0
0
1.25
1.25
0
0
1.25
1.25
0
1.25
0
1.25
0
1.25
0
0
0
0
1.25
1.25
1.1256
1.02205
1.00948
1.0064
1.00506
1.00367
1.00213
1.00066
1.00003
0.999972
0.99931
0.997809
0.996103
0.994513
0.992804
0.988894
0.972601
0.878889
0
0
1.25
0
1.25
1.25
0
0
1.25
0
0
1.25
0
0
1.25
1.25
0
0
1.25
0
1.25
1.25
1.25
1.25
1.25
1.25
1.25
1.25
1.25
0
0
1.25
1.13758
1.02523
1.01111
1.00761
1.00602
1.00437
1.00254
1.00079
1.00004
0.999965
0.999172
0.997346
0.995283
0.993341
0.991469
0.986868
0.96809
0.852338
1.25
1.25
0
1.25
1.25
1.25
1.25
0
1.25
1.25
0
1.25
0
0
1.25
1.25
0
0
1.25
1.25
0
1.25
0
1.25
0
1.25
0
0
0
0
1.25
1.25
1.14761
1.0286
1.01292
1.00896
1.0071
1.00516
1.00299
1.00093
1.00004
0.99996
0.999069
0.997054
0.994692
0.9926
0.990313
0.985125
0.962159
0.848699
0
0
1.25
0
1.25
1.25
0
0
1.25
0
0
1.25
0
0
1.25
1.25
0
1.25
1.25
1.25
1.25
1.25
1.25
1.25
1.25
1.25
1.25
1.25
1.25
1.25
0
1.25
1.15977
1.03246
1.015
1.01052
1.00835
1.00607
1.00352
1.0011
1.00005
0.999953
0.998911
0.99651
0.993782
0.991143
0.988604
0.982686
0.962875
0.843889
1.25
0
0
1.25
1.25
1.25
1.25
0
1.25
0
0
1.25
1.25
0
1.25
1.25
0
0
1.25
1.25
0
1.25
0
1.25
0
1.25
0
0
0
1.25
1.25
1.25
1.16996
1.03649
1.01727
1.01225
1.00973
1.00707
1.00408
1.00127
1.00006
0.999947
0.998783
0.996123
0.993019
0.990159
0.987178
0.980406
0.947563
0.820981
0
1.25
1.25
1.25
1.25
0
1.25
0
0
1.25
0
1.25
0
0
1.25
1.25
0
1.25
1.25
1.25
1.25
1.25
1.25
1.25
1.25
1.25
1.25
1.25
1.25
1.25
0
1.25
1.18245
1.04104
1.01984
1.01421
1.01129
1.00819
1.00471
1.00147
1.00006
0.999938
0.998596
0.995504
0.991948
0.988488
0.98512
0.977474
0.950919
0.789081
0
0
0
1.25
1.25
0
1.25
0
1.25
0
0
1.25
0
0
1.25
1.25
0
1.25
1.25
1.25
0
1.25
0
1.25
0
1.25
0
0
0
0
0
1.25
1.1927
1.04581
1.02268
1.01639
1.01299
1.00941
1.00528
1.00159
1.00006
0.99993
0.998443
0.995026
0.991006
0.987183
0.983383
0.974826
0.940405
0.923104
0
1.25
1.25
0
1.25
0
0
1.25
1.25
0
0
1.25
0
0
1.25
1.25
0
1.25
1.25
1.25
1.25
1.25
1.25
1.25
1.25
1.25
1.25
1.25
1.25
1.25
0
1.25
1.20513
1.05133
1.02589
1.01883
1.01487
1.01066
1.00595
1.00153
1.00005
0.999921
0.998236
0.994344
0.989834
0.985448
0.980822
0.971392
0.935497
0.689792
0
0
1.25
0
1.25
0
0
1.25
0
0
0
1.25
0
0
1.25
1.25
0
1.25
1.25
1.25
0
1.25
0
1.25
0
1.25
0
0
0
0
1.25
1.25
1.21343
1.05719
1.02956
1.02173
1.01742
1.01236
1.00708
1.00188
1.00005
0.999911
0.998047
0.993783
0.988628
0.983568
0.978731
0.96766
0.921247
1.05072
0
1.25
1.25
0
1.25
0
0
1.25
1.25
1.25
0
1.25
0
0
1.25
1.25
0
1.25
1.25
1.25
1.25
1.25
1.25
1.25
1.25
1.25
1.25
1.25
1.25
0
1.25
1.25
1.22663
1.06375
1.03391
1.02529
1.0204
1.01479
1.00859
1.00261
1.00009
0.9999
0.997838
0.993064
0.987542
0.982024
0.976335
0.964033
0.919532
0.723758
1.25
1.25
1.25
0
1.25
0
0
1.25
0
0
0
1.25
0
0
0
1.25
0
1.25
1.25
1.25
0
1.25
0
1.25
0
0
0
0
0
0
1.25
1.25
1.23928
1.07045
1.03856
1.02918
1.02368
1.01751
1.01018
1.00339
1.00013
0.99989
0.997625
0.992457
0.986075
0.979481
0.973228
0.959083
0.901672
1.05942
0
1.25
1.25
0
1.25
0
1.25
1.25
1.25
1.25
0
1.25
0
1.25
0
0
0
1.25
1.25
1.25
1.25
1.25
1.25
1.25
1.25
1.25
1.25
0
1.25
0
1.25
1.25
1.25
1.07758
1.04353
1.0334
1.0272
1.02046
1.01193
1.00423
1.00019
0.999877
0.997384
0.991656
0.98479
0.97807
0.970713
0.95548
0.899855
1.00858
0
1.25
1.25
0
1.25
0
1.25
1.25
0
0
0
1.25
0
0
0
1.25
0
1.25
1.25
0
0
0
0
1.25
0
0
0
0
0
0
1.25
1.25
1.25
1.08482
1.04873
1.03788
1.03087
1.02332
1.01361
1.00471
1.00023
0.999865
0.997173
0.991081
0.983303
0.975038
0.96735
0.949449
0.883294
1.01666
0
1.25
1.25
0
1.25
0
0
1.25
1.25
1.25
0
1.25
0
1.25
1.25
0
0
1.25
1.25
1.25
1.25
1.25
1.25
1.25
1.25
1.25
1.25
0
0
0
1.25
1.25
1.25
1.09235
1.05418
1.04252
1.03469
1.026
1.01522
1.00496
1.00023
0.99985
0.99692
0.990245
0.98202
0.97367
0.964379
0.945365
0.877365
1.22942
1.25
0
1.25
0
1.25
0
1.25
1.25
1.25
0
0
1.25
0
0
0
1.25
0
0
1.25
0
0
0
0
0
0
0
0
0
0
0
1.25
1.25
1.25
1.09986
1.05998
1.04754
1.03895
1.02906
1.01711
1.0055
1.00025
0.999837
0.996714
0.989746
0.980428
0.970191
0.960729
0.938539
0.861937
1.25
0
1.25
1.25
1.25
1.25
0
1.25
1.25
1.25
0
0
0
0
1.25
1.25
0
0
1.25
1.25
1.25
1.25
1.25
1.25
1.25
1.25
0
1.25
0
0
0
1.25
1.25
1.25
1.10793
1.06632
1.05308
1.04372
1.03262
1.01927
1.0062
1.00028
0.99982
0.996467
0.98894
0.979325
0.969155
0.957468
0.934163
0.856388
1.25
1.25
0
0
0
1.25
0
0
1.25
0
0
0
1.25
0
0
0
1.25
0
0
1.25
0
0
0
0
0
0
0
0
0
0
0
0
1.25
1.25
1.11598
1.07302
1.05905
1.04888
1.03653
1.02163
1.007
1.00031
0.999807
0.996277
0.98861
0.977637
0.965071
0.953562
0.925951
0.845451
1.25
0
0
1.25
1.25
0
0
1.25
1.25
1.25
0
0
0
0
1.25
1.25
0
0
1.25
1.25
1.25
1.25
1.25
1.25
0
0
0
0
0
0
0
0
1.25
1.25
1.12446
1.08018
1.06548
1.05447
1.04079
1.0242
1.00788
1.00035
0.999787
0.996063
0.987896
0.977067
0.964759
0.951134
0.920249
0.848156
1.25
1.25
0
0
0
1.25
0
0
1.25
0
0
0
1.25
0
0
0
1.25
0
0
1.25
0
0
0
0
0
0
0
0
0
0
0
0
1.25
1.25
1.13289
1.08768
1.07237
1.0605
1.04543
1.02701
1.00885
1.00039
0.999772
0.995908
0.987834
0.975351
0.95914
0.945934
0.912396
0.83867
1.25
1.25
0
1.25
1.25
1.25
0
1.25
1.25
1.25
0
1.25
0
0
1.25
1.25
0
0
1.25
1.25
0
1.25
0
0
0
0
0
0
0
1.25
0
0
1.25
1.25
1.14169
1.09565
1.07966
1.06699
1.05041
1.03003
1.00992
1.00044
0.99975
0.995749
0.987327
0.975447
0.961279
0.943898
0.906606
0.882226
1.1768
0
1.25
0
0
1.25
0
0
0
1.25
0
0
1.25
1.25
0
0
1.25
0
0
0
0
0
0
0
0
0
0
0
0
1.25
0
0
1.25
1.25
1.15029
1.10392
1.08739
1.07387
1.05576
1.03329
1.01108
1.0005
0.999734
0.995646
0.987723
0.973685
0.953537
0.937849
0.901758
0.777624
0
0
1.25
0
0
0
0
1.25
1.25
1.25
0
1.25
0
0
1.25
1.25
0
0
1.25
1.25
0
0
0
0
0
0
0
0
0
1.25
0
0.488654
1.25
1.25
1.15928
1.11262
1.09557
1.08112
1.06143
1.03677
1.01233
1.00057
0.999708
0.995581
0.987608
0.974695
0.959717
0.936848
0.890786
1.05872
0
0
1.25
1.25
1.25
0
0
0
0
0
0
0
0
1.25
0
0
1.25
0
0
0
0
0
0
0
0
0
0
0
0
1.25
0
0.316489
1.25
1.25
1.16803
1.1215
1.10421
1.08877
1.06745
1.04049
1.0137
1.00064
0.999691
0.995561
0.988647
0.973082
0.948166
0.931883
0.88699
0.856637
0
0
1.25
0
1.25
0
0
1.25
1.25
0
0
1.25
0
0
1.25
1.25
0
0
1.25
1.25
0
0
0
0
0
0
0
0
0
1.25
0
1.25
1.25
1.25
1.17725
1.13079
1.11319
1.09677
1.07373
1.04441
1.01517
1.00073
0.999659
0.995646
0.989107
0.975979
0.959269
0.931084
0.879078
1.18311
0
0
1.25
1.25
1.25
0
0
0
0
0
0
0
0
1.25
0
0
1.25
0
0
0
0
0
0
0
0
0
0
0
0
0
1.25
1.25
1.25
1.25
1.18638
1.14002
1.12276
1.10513
1.08033
1.04855
1.01676
1.00082
0.99964
0.995746
0.991065
0.974185
0.943279
0.927576
0.876446
1.16454
0
0
1.25
0
1.25
0
0
0
1.25
1.25
0
1.25
0
0
0
1.25
0
0
1.25
1.25
0
0
0
0
0
0
0
0
0
0
1.25
1.25
1.25
1.25
1.1959
1.14884
1.13273
1.11357
1.08716
1.05285
1.01846
1.00093
0.999602
0.996057
0.992424
0.981282
0.961376
0.928174
0.873842
1.25
0
0
1.25
1.25
1.25
0
0
1.25
0
0
0
0
0
1.25
0
0
1.25
0
0
0
0
0
0
0
0
0
0
0
0
0
1.25
1.25
1.25
1.25
1.20499
1.15889
1.14258
1.12244
1.09425
1.05735
1.02028
1.00105
0.999581
0.996331
0.995641
0.977465
0.93884
0.926353
0.87995
1.25
0
0
1.25
0
1.25
0
0
0
0
1.25
0
1.25
1.25
0
0
1.25
0
0
1.25
1.25
0
0
0
0
0
0
0
0
0
0
1.25
1.25
1.25
1.25
1.21376
1.16951
1.15237
1.13165
1.10146
1.06199
1.02221
1.00119
0.999532
0.996972
0.998031
0.988771
0.968057
0.930104
0.886
1.25
0
0
1.25
1.25
1.25
0
0
1.25
0
0
0
0
0
1.25
1.25
0
1.25
0
0
0
0
0
0
0
0
0
0
0
0
0
1.25
1.25
1.25
1.25
1.22256
1.17969
1.16253
1.14105
1.10885
1.06683
1.02428
1.00136
0.999509
0.997473
1.00334
0.98682
0.935904
0.931797
0.916428
1.25
1.25
0
0
0
1.25
0
1.25
0
1.25
1.25
0
1.25
1.25
0
0
1.25
0
0
1.25
0
0
0
0
0
0
0
0
0
0
0
1.25
1.25
1.25
1.25
1.23107
1.18999
1.17283
1.15046
1.11629
1.07176
1.02646
1.00154
0.999447
0.99859
1.00818
1.00123
0.978465
0.939991
0.944147
1.20891
1.25
1.25
0
1.25
0
0
0
1.25
0
0
0
0
0
1.25
1.25
0
1.25
0
0
0
0
0
0
0
0
0
0
0
0
1.25
1.25
1.25
1.25
1.25
1.23944
1.20034
1.18331
1.16004
1.12387
1.07684
1.02879
1.00176
0.999418
0.999425
1.01313
1.00297
0.934626
0.942568
0.964435
0.546912
1.25
1.25
0
1.25
0
0
0
0
0
1.25
0
1.25
1.25
0
0
1.25
1.25
0
1.25
0
0
0
0
0
0
0
0
0
0
1.25
1.25
1.25
1.25
1.25
1.24756
1.21049
1.19369
1.1694
1.13136
1.08196
1.03122
1.00201
0.999337
1.00121
1.03013
1.01985
1.00071
0.942662
1.23676
0
1.25
1.25
0
0
0
0
0
1.25
0
0
0
0
0
1.25
1.25
0
0
0
0
0
0
0
0
0
0
0
0
0
0
1.25
1.25
1.25
1.25
1.25
1.25
1.22061
1.20423
1.17876
1.13896
1.08721
1.03381
1.0023
0.999293
1.00234
1.03278
1.02673
0.947378
0.938031
1.25
0
0
1.25
1.25
1.25
0
0
0
0
0
1.25
0
1.25
1.25
0
0
1.25
1.25
0
1.25
0
0
0
0
0
0
0
0
0
0
1.25
1.25
1.25
1.25
1.25
1.25
1.23039
1.21438
1.18776
1.14627
1.09242
1.0365
1.00264
0.999178
1.00499
1.05099
1.03722
1.04694
0.995681
1.25
0
0
1.25
0
0
0
0
0
1.25
0
0
0
0
0
1.25
1.25
0
0
0
0
0
0
0
0
0
0
0
0
0
0
1.25
1.25
1.25
1.25
1.25
1.25
1.24027
1.22448
1.19674
1.15356
1.09772
1.03937
1.00305
0.99911
1.00717
1.06822
1.03857
1.02879
0.887486
1.25
0
0
1.25
1.25
1.25
0
0
0
0
0
0
0
1.25
1.25
0
0
1.25
1.25
0
1.25
0
0
0
0
0
0
0
0
0
0
1.25
1.25
1.25
1.25
1.25
1.25
1.24965
1.23385
1.20502
1.16059
1.10277
1.04229
1.00352
0.99895
1.01047
1.09539
1.04554
1.07677
1.02986
1.25
0
0
1.25
0
1.25
0
0
0
1.25
0
0
0
0
0
0
1.25
0
0
0
0
0
0
0
0
0
0
0
0
0
1.25
1.25
1.25
1.25
1.25
1.25
1.25
1.25
1.24295
1.21333
1.16718
1.10781
1.0454
1.00407
0.998836
1.01349
1.12511
1.04592
1.13278
0.872186
1.25
1.25
0
1.25
1.25
1.25
0
0
0
0
0
0
0
1.25
1.25
0
0
1.25
1.25
0
1.25
0
0
0
0
0
0
0
0
0
1.25
1.25
1.25
1.25
1.25
1.25
1.25
1.25
1.25
1.22112
1.17309
1.11259
1.0485
1.00474
0.998587
1.01678
1.16956
1.06885
1.14353
1.09268
1.25
1.25
0
0
0
0
0
0
0
1.25
1.25
0
0
0
0
0
1.25
0
0
1.25
0
0
0
0
0
0
0
0
0
0
1.25
1.25
1.25
1.25
1.25
1.25
1.25
1.25
1.25
1.22845
1.17888
1.1173
1.05172
1.00556
0.998368
1.01982
1.206
1.08907
1.16309
1.24674
1.25
1.25
0
0
1.25
0
0
0
0
0
0
0
0
0
1.25
1.25
0
1.25
1.25
0
1.25
0
0
0
0
0
0
0
0
0
1.25
1.25
1.25
1.25
1.25
1.25
1.25
1.25
1.25
1.23439
1.18377
1.12142
1.05487
1.00653
0.997937
1.02221
1.25
1.09745
1.22213
1.21628
1.25
1.25
0
0
1.25
0
1.25
0
0
1.25
1.25
0
0
0
0
0
1.25
1.25
0
1.25
0
0
0
0
0
0
0
0
0
0
1.25
1.25
1.25
1.25
1.25
1.25
1.25
1.25
1.25
1.23997
1.18826
1.12533
1.05809
1.00772
0.997462
1.00907
1.25
1.06333
1.25
1.16558
1.25
1.25
0
0
1.25
0
0
0
0
0
0
0
0
0
1.25
1.25
0
0
1.25
0
1.25
0
0
0
0
0
0
0
0
0
1.25
1.25
1.25
1.25
1.25
1.25
1.25
1.25
1.25
1.24363
1.19137
1.12844
1.06106
1.00915
0.996596
1.00925
1.25
0.944478
1.25
0.946503
1.25
0
0
0
1.25
0
1.25
0
0
1.25
1.25
0
0
0
0
0
1.25
1.25
0
1.25
0
0
0
0
0
0
0
0
0
1.25
1.25
1.25
1.25
1.25
1.25
1.25
1.25
1.25
1.25
1.24717
1.19404
1.13112
1.06397
1.01089
0.99545
0.896506
1.25
0.727412
1.25
0.393032
1.25
1.25
0
1.25
1.25
0
0
0
0
0
0
0
0
0
1.25
1.25
0
0
1.25
0
0
0
0
0
0
0
0
0
0
1.25
1.25
1.25
1.25
1.25
1.25
1.25
1.25
1.25
1.25
1.24803
1.19484
1.13257
1.06634
1.01299
0.993469
0.821499
1.25
0.30285
1.25
0
1.25
1.25
0
0
1.25
0
1.25
0
0
1.25
1.25
0
0
1.25
0
0
1.25
1.25
1.25
1.25
1.25
0
0
0
0
0
0
0
0
1.25
1.25
1.25
1.25
1.25
1.25
1.25
1.25
1.25
1.25
1.24939
1.19526
1.13338
1.0684
1.01554
0.990787
0.471865
1.25
0
1.25
0
1.25
1.25
0
0
0
1.25
1.25
1.25
1.25
0
0
0
0
0
1.25
1.25
0
0
1.25
1.25
1.25
1.25
1.25
1.25
1.25
1.25
1.25
1.25
1.25
0
1.25
1.25
1.25
1.25
1.25
1.25
1.25
1.25
1.25
1.24133
1.18913
1.13002
1.06838
1.01841
0.986427
0.603943
1.25
0
1.25
0
1.25
1.25
0
0
0
1.25
1.25
1.25
0
1.25
1.25
0
0
1.25
0
0
1.25
1.25
1.25
1.25
1.25
1.25
1.25
1.25
1.25
1.25
1.25
1.25
1.25
0
0
0
1.25
1.25
1.25
1.25
1.25
1.25
1.25
1.22874
1.18108
1.12615
1.06815
1.02185
1.21935
1.00077
1.0016
1.00015
1.00007
0.99993
0.999358
0.999062
0.99901
0.999034
0.999176
0.999451
0.99985
1.00035
1.00092
1.00153
1.00214
1.00274
1.0032
1.00348
1.00371
1.00373
1.00368
1.00342
1.00285
1.00198
1.00078
0.999083
0.996831
0.99355
0.993156
1.03522
1.00623
1.0031
1.00264
1.00087
1.0008
1.00063
1.00046
1.00036
1.0003
1.00024
1.0002
1.00017
1.00016
1.00024
1.0001
1.00146
0.998794
1.20641
1.25
0.999818
1.00077
1.00133
1.00117
1.00175
1.0026
1.00308
1.0033
1.00345
1.00353
1.00358
1.00358
1.00357
1.00354
1.00349
1.00345
1.00339
1.00333
1.00331
1.00329
1.00312
1.00285
1.00262
1.00234
1.00204
1.00174
1.00138
1.00105
1.00127
1.00365
1.25
1.00478
1.00084
1.00011
1.0012
1.00098
1.00098
1.00102
1.001
1.00092
1.00084
1.00076
1.00068
1.0006
1.00053
1.00048
1.00104
0.999843
1.25
1.25
1.00005
1.00103
1.0012
1.00123
1.00172
1.00208
1.0023
1.00238
1.00238
1.00229
1.00214
1.00195
1.00173
1.0015
1.00127
1.00104
1.00081
1.00062
1.00051
1.00031
1.00026
1.00012
1.00004
1
1.00002
1.0001
1.00021
1.00059
1.00116
1.0042
1.11871
1.0007
0.999899
0.999672
0.999697
0.999747
0.999783
0.999807
0.999822
0.999829
0.999837
0.999843
0.999856
0.999864
0.999952
0.999887
1.00089
0.999767
1.25
1.22054
1.00003
1.00091
1.00151
1.00179
1.00247
1.00302
1.00343
1.0037
1.00385
1.00391
1.00388
1.0038
1.00368
1.00353
1.00336
1.00318
1.00299
1.00281
1.0026
1.00241
1.00227
1.00218
1.00208
1.00198
1.00192
1.00188
1.00188
1.00213
1.00272
1.0116
1.00598
0.997966
0.997789
0.998038
0.998231
0.998427
0.99862
0.998808
0.998974
0.999121
0.999246
0.999355
0.99946
0.999544
0.999707
0.999614
1.00061
0.999499
1.20402
1.17532
1.00003
1.00088
1.00146
1.00185
1.00256
1.00309
1.00348
1.00373
1.00386
1.00388
1.00384
1.00373
1.0036
1.00344
1.00326
1.00308
1.00291
1.00273
1.00256
1.00242
1.00223
1.0021
1.00196
1.00182
1.0017
1.00161
1.00158
1.00166
1.0024
1.01198
1.00072
0.998405
0.998547
0.998734
0.998881
0.999029
0.999182
0.999329
0.999462
0.999579
0.999678
0.999761
0.999826
0.999873
0.999988
0.999881
1.00059
0.999689
1.16118
1.13903
1.00007
1.00087
1.00184
1.0024
1.0032
1.00383
1.00425
1.0045
1.00462
1.00463
1.00456
1.00444
1.00428
1.00409
1.0039
1.0037
1.0035
1.00331
1.00313
1.00296
1.0028
1.00265
1.00251
1.00237
1.00225
1.00215
1.00218
1.00218
1.00313
1.03709
0.997021
0.997183
0.997527
0.997795
0.998087
0.998358
0.998619
0.998858
0.999078
0.999268
0.999429
0.999564
0.999679
0.999767
0.999903
0.999779
1.00046
0.999731
1.12616
1.10938
1.00009
1.00096
1.002
1.00266
1.00348
1.00409
1.0045
1.00474
1.00483
1.00481
1.00472
1.00458
1.0044
1.0042
1.00399
1.00377
1.00357
1.00336
1.00317
1.00299
1.00282
1.00266
1.00251
1.00235
1.00221
1.00206
1.00212
1.00199
1.00321
1.08768
0.997115
0.997144
0.997629
0.997876
0.998162
0.998425
0.998678
0.998913
0.999127
0.999313
0.999471
0.999603
0.999709
0.999785
0.999918
0.999822
1.00038
0.999771
1.09868
1.08594
1.00012
1.00107
1.00236
1.00316
1.00408
1.00472
1.00513
1.00535
1.00541
1.00536
1.00523
1.00505
1.00484
1.00461
1.00438
1.00415
1.00392
1.0037
1.0035
1.00331
1.00313
1.00297
1.00281
1.00264
1.00248
1.00232
1.00236
1.00219
1.00491
1.11027
0.996091
0.996627
0.997071
0.997408
0.997747
0.998076
0.99839
0.998683
0.998948
0.999178
0.999372
0.999533
0.999665
0.999765
0.999903
0.999782
1.00032
0.999803
1.07677
1.06722
1.00016
1.00122
1.00265
1.00357
1.00451
1.00514
1.00553
1.00571
1.00574
1.00566
1.0055
1.00529
1.00506
1.00481
1.00456
1.00431
1.00408
1.00385
1.00364
1.00344
1.00326
1.00308
1.00291
1.00274
1.00256
1.00244
1.00238
1.00224
1.00559
0.996753
0.995838
0.996533
0.996947
0.997296
0.997648
0.997985
0.998312
0.99862
0.998899
0.999142
0.999349
0.999519
0.999658
0.999756
0.999898
0.999816
1.00027
0.999833
1.05973
1.05257
1.00023
1.00144
1.00309
1.00412
1.00513
1.00578
1.00614
1.00629
1.00627
1.00615
1.00595
1.0057
1.00543
1.00516
1.00488
1.00462
1.00437
1.00413
1.00391
1.00371
1.00352
1.00334
1.00316
1.00299
1.00278
1.00273
1.00238
1.00273
1.00953
0.990934
0.995166
0.996094
0.996514
0.996911
0.997306
0.997693
0.998074
0.998431
0.998754
0.999037
0.999275
0.999469
0.999627
0.999741
0.999892
0.999786
1.00023
0.999856
1.04638
1.04101
1.00032
1.00167
1.00349
1.00465
1.00567
1.0063
1.00664
1.00674
1.00668
1.00651
1.00627
1.00599
1.0057
1.00539
1.0051
1.00482
1.00455
1.00431
1.00408
1.00387
1.00367
1.00349
1.00331
1.00313
1.00291
1.00296
1.00254
1.00339
1.01307
0.988882
0.994471
0.995715
0.996152
0.99658
0.997009
0.997431
0.997848
0.998242
0.998604
0.998922
0.99919
0.999409
0.999587
0.999713
0.999872
0.999813
1.00018
0.999876
1.03602
1.03202
1.00043
1.002
1.00404
1.00532
1.00638
1.007
1.0073
1.00735
1.00724
1.00702
1.00674
1.00642
1.00609
1.00576
1.00545
1.00515
1.00487
1.00461
1.00438
1.00416
1.00396
1.00377
1.00359
1.00339
1.0032
1.00322
1.00275
1.0052
1.02539
0.987226
0.993656
0.995103
0.995689
0.996136
0.99661
0.997082
0.997552
0.998006
0.998424
0.998789
0.999097
0.999346
0.999547
0.99969
0.999862
0.999797
1.00017
0.999894
1.02798
1.02497
1.00055
1.00237
1.00459
1.00599
1.00707
1.00767
1.00792
1.00792
1.00775
1.00748
1.00716
1.0068
1.00644
1.00609
1.00575
1.00544
1.00515
1.00488
1.00464
1.00442
1.00422
1.00403
1.00384
1.00362
1.00351
1.00334
1.00319
1.00708
1.05499
0.984413
0.992486
0.99448
0.995075
0.995623
0.996123
0.99665
0.997177
0.997695
0.998174
0.998596
0.998954
0.999244
0.999476
0.999643
0.999828
0.999784
1.00013
0.999906
1.02173
1.0195
1.00071
1.00283
1.00528
1.0068
1.0079
1.00847
1.00867
1.00861
1.00838
1.00806
1.00768
1.00728
1.00689
1.00651
1.00615
1.00582
1.00552
1.00525
1.005
1.00478
1.00458
1.00438
1.00419
1.00395
1.00395
1.00342
1.00428
1.01131
1.23817
0.979805
0.990716
0.993696
0.994407
0.995012
0.995559
0.996141
0.996738
0.99733
0.997885
0.998381
0.998799
0.999136
0.999404
0.999595
0.999794
0.999773
1.00011
0.999918
1.01691
1.01522
1.00088
1.00335
1.00603
1.00764
1.00874
1.00927
1.00941
1.00928
1.00899
1.00861
1.00819
1.00775
1.00732
1.00691
1.00653
1.00619
1.00588
1.0056
1.00536
1.00513
1.00492
1.00471
1.00451
1.00426
1.00434
1.00394
1.00594
1.01725
1.25
0.974903
0.98848
0.992681
0.993587
0.994256
0.994875
0.995513
0.996184
0.99686
0.99751
0.998093
0.998586
0.998985
0.9993
0.999525
0.999755
0.99975
1.00008
0.999925
1.01315
1.01189
1.0011
1.00398
1.00692
1.00862
1.00972
1.0102
1.01027
1.01007
1.00971
1.00927
1.00879
1.0083
1.00784
1.0074
1.007
1.00664
1.00632
1.00605
1.0058
1.00559
1.00538
1.00516
1.00493
1.00472
1.00473
1.00437
1.00865
1.03149
1.25
0.968215
0.985515
0.991356
0.992632
0.993471
0.994096
0.994788
0.995542
0.996316
0.997072
0.997756
0.998339
0.998811
0.999182
0.999447
0.999705
0.999725
1.00005
0.99993
1.01025
1.0093
1.00135
1.00469
1.00784
1.00967
1.01075
1.01118
1.01117
1.01089
1.01046
1.00995
1.00941
1.00888
1.00838
1.00791
1.00749
1.00711
1.00678
1.0065
1.00627
1.00606
1.00584
1.00561
1.00536
1.00526
1.00502
1.00538
1.01264
1.06458
1.25
0.964765
0.98176
0.989673
0.991541
0.992397
0.993155
0.993928
0.994766
0.995648
0.996525
0.997333
0.998028
0.998591
0.999032
0.999346
0.999639
0.999685
1.00002
0.999932
1.008
1.00728
1.00165
1.00553
1.00894
1.01086
1.01192
1.01228
1.01218
1.01181
1.0113
1.01072
1.01012
1.00954
1.009
1.0085
1.00805
1.00766
1.00732
1.00703
1.0068
1.00654
1.0063
1.00609
1.00585
1.00592
1.00543
1.00711
1.01922
1.17785
1.25
0.972096
0.976989
0.987524
0.990211
0.991318
0.992205
0.992966
0.993884
0.994881
0.995893
0.996843
0.997667
0.998335
0.998857
0.99923
0.999564
0.999647
0.999986
0.999931
1.00625
1.00571
1.00201
1.00648
1.01013
1.01214
1.01316
1.01343
1.01323
1.01277
1.01217
1.01151
1.01085
1.01022
1.00964
1.00911
1.00864
1.00823
1.00788
1.00761
1.00733
1.007
1.00675
1.00659
1.0064
1.00654
1.00636
1.00979
1.0304
1.25
1.25
1.01488
0.971179
0.985053
0.988672
0.990079
0.990967
0.991884
0.992889
0.994001
0.995164
0.996268
0.99724
0.998033
0.998651
0.999093
0.999478
0.999585
0.999947
0.999925
1.00488
1.00448
1.00244
1.00758
1.01149
1.01356
1.01453
1.0147
1.01439
1.01381
1.01311
1.01237
1.01164
1.01096
1.01033
1.00976
1.00927
1.00884
1.00849
1.00821
1.00787
1.00753
1.00732
1.00719
1.00709
1.00716
1.00721
1.01358
1.05391
1.25
1.25
1.14517
0.965171
0.981878
0.9869
0.988827
0.989804
0.990766
0.991804
0.993031
0.994344
0.99562
0.996753
0.997685
0.998414
0.998933
0.999375
0.999549
0.999901
0.999916
1.00383
1.00353
1.00293
1.0088
1.01296
1.01509
1.01598
1.01603
1.0156
1.0149
1.0141
1.01327
1.01247
1.01172
1.01105
1.01045
1.00993
1.00949
1.00914
1.00878
1.00837
1.00807
1.00798
1.0079
1.0079
1.00776
1.00873
1.0194
1.11098
1.25
1.25
1.25
0.962109
0.978098
0.984793
0.987351
0.988477
0.989428
0.990601
0.991947
0.993416
0.994883
0.996194
0.997287
0.998145
0.998755
0.999261
0.999465
0.999853
0.999904
1.003
1.00279
1.00352
1.01017
1.0146
1.01676
1.01756
1.01747
1.01689
1.01607
1.01515
1.01422
1.01334
1.01253
1.01181
1.01117
1.01062
1.01017
1.00978
1.00933
1.00889
1.00867
1.00869
1.00864
1.00884
1.00836
1.0111
1.02778
1.25
1.25
1.25
1.25
0.96977
0.973583
0.982422
0.985811
0.987112
0.988188
0.989386
0.990822
0.992448
0.99409
0.995597
0.996858
0.997847
0.998558
0.999134
0.999388
0.999799
0.999887
1.00236
1.00222
1.00419
1.01172
1.01637
1.01854
1.01922
1.01897
1.01823
1.01726
1.01622
1.01519
1.01423
1.01335
1.01258
1.01192
1.01136
1.01091
1.01045
1.00989
1.00939
1.0093
1.00943
1.00945
1.00972
1.00973
1.01442
1.04184
1.25
1.25
1.25
1.25
1.01238
0.968951
0.979594
0.984217
0.985658
0.986892
0.988021
0.989634
0.991412
0.993251
0.994959
0.996389
0.997525
0.998344
0.998999
0.999305
0.999742
0.999868
1.00185
1.00178
1.00498
1.01345
1.01833
1.02048
1.02101
1.02058
1.01966
1.01853
1.01735
1.01621
1.01515
1.01421
1.01338
1.01267
1.0121
1.01163
1.01109
1.01047
1.01001
1.01002
1.01023
1.01035
1.01058
1.01106
1.01883
1.06593
1.25
1.25
1.25
1.25
1.121
0.965213
0.976251
0.982517
0.98429
0.9856
0.986853
0.988478
0.990402
0.992431
0.994312
0.995918
0.9972
0.998122
0.998857
0.999218
0.999686
0.999846
1.00146
1.00145
1.00589
1.01534
1.02042
1.02253
1.02289
1.02225
1.02113
1.01983
1.0185
1.01724
1.01609
1.01508
1.0142
1.01347
1.01288
1.0123
1.01161
1.01097
1.01069
1.01087
1.01114
1.01136
1.01148
1.01286
1.02525
1.11492
1.25
1.25
1.25
1.25
1.25
0.965063
0.972853
0.980621
0.982961
0.984351
0.985578
0.987363
0.989439
0.991644
0.993709
0.995474
0.996876
0.9979
0.998717
0.999131
0.999627
0.999822
1.00115
1.00121
1.00692
1.01742
1.02267
1.02471
1.02486
1.02399
1.02265
1.02115
1.01967
1.01828
1.01703
1.01593
1.015
1.01424
1.01362
1.01294
1.01215
1.01151
1.01145
1.0118
1.01213
1.01244
1.01238
1.01521
1.03404
1.20606
1.25
1.25
1.25
1.25
1.25
0.972832
0.969904
0.978705
0.981879
0.983262
0.984608
0.986487
0.988671
0.991035
0.993243
0.995107
0.99661
0.997714
0.998592
0.999052
0.999563
0.999798
1.00091
1.00104
1.00808
1.01965
1.02506
1.02699
1.0269
1.02578
1.02421
1.02251
1.02086
1.01934
1.01798
1.01681
1.01582
1.015
1.01424
1.01339
1.01254
1.01207
1.01226
1.01279
1.01315
1.0136
1.01349
1.01843
1.04736
1.25
1.25
1.25
1.25
1.25
1.25
1.00093
0.968507
0.976839
0.98098
0.982349
0.983793
0.985654
0.988135
0.990658
0.992969
0.994897
0.996445
0.997571
0.998489
0.998984
0.99952
0.999774
1.00072
1.00094
1.00937
1.02204
1.02755
1.02932
1.02896
1.02755
1.02573
1.02382
1.02199
1.02034
1.01888
1.01763
1.01661
1.01576
1.01489
1.01387
1.01293
1.01263
1.01307
1.01375
1.0141
1.01452
1.01495
1.0223
1.06634
1.25
1.25
1.25
1.25
1.25
1.25
1.05634
0.971202
0.97545
0.98093
0.981786
0.983423
0.985471
0.988063
0.990729
0.993086
0.994978
0.996453
0.997528
0.998446
0.998943
0.999485
0.999752
1.00057
1.0009
1.01077
1.02451
1.0301
1.03169
1.03104
1.02934
1.02725
1.02512
1.02312
1.02132
1.01976
1.01843
1.01735
1.0164
1.01537
1.01426
1.01338
1.01327
1.01391
1.0147
1.01509
1.0154
1.01662
1.02738
1.09806
1.25
1.25
1.25
1.25
1.25
1.25
1.16125
0.983615
0.975029
0.980759
0.981516
0.983347
0.985566
0.988443
0.991283
0.993653
0.995413
0.9967
0.99763
0.998476
0.998935
0.999469
0.999734
1.00045
1.00091
1.01234
1.0271
1.03274
1.03411
1.03312
1.0311
1.02874
1.02638
1.02419
1.02225
1.02058
1.01921
1.01806
1.01695
1.01572
1.01451
1.01384
1.01393
1.01467
1.0155
1.01597
1.01623
1.0184
1.03329
1.14663
1.25
1.25
1.25
1.25
1.25
1.25
1.25
1.01267
0.977742
0.981486
0.981956
0.983866
0.986418
0.989641
0.992645
0.994966
0.996443
0.997357
0.997969
0.998621
0.998985
0.999481
0.99972
1.00036
1.0009
1.01404
1.02941
1.03517
1.03634
1.03506
1.03274
1.0301
1.02751
1.02514
1.02305
1.02128
1.01984
1.01862
1.01738
1.01599
1.01473
1.01428
1.0146
1.01547
1.01636
1.01688
1.01704
1.02022
1.04068
1.23147
1.25
1.25
1.25
1.25
1.25
1.25
1.25
1.07161
0.987013
0.983097
0.982939
0.984873
0.98788
0.991424
0.994837
0.997111
0.99818
0.998517
0.998601
0.998914
0.999113
0.999519
0.999722
1.00029
1.0009
1.01578
1.03159
1.03771
1.03868
1.03706
1.03438
1.03143
1.02857
1.02598
1.02373
1.02183
1.02026
1.01884
1.01737
1.0159
1.01483
1.01462
1.01513
1.01613
1.01705
1.01764
1.01768
1.02222
1.04916
1.25
1.25
1.25
1.25
1.25
1.25
1.25
1.25
1.16073
1.00954
0.986552
0.984881
0.98664
0.990178
0.994363
0.998155
1.00039
1.0009
1.0004
0.999665
0.999432
0.999344
0.999591
0.999741
1.00023
1.00142
1.01893
1.03601
1.04225
1.04261
1.04022
1.03685
1.03332
1.03001
1.02707
1.02457
1.02253
1.02082
1.01918
1.01747
1.01582
1.01493
1.0149
1.01558
1.01668
1.01762
1.01829
1.0182
1.02442
1.05915
1.25
1.25
1.25
1.25
1.25
1.25
1.25
1.25
1.25
1.05787
0.993336
0.987323
0.989019
0.993149
0.998168
1.0025
1.00484
1.00471
1.0031
1.00123
1.00021
0.999675
0.999715
0.999765
1.00018
1.00237
1.02248
1.03976
1.04523
1.04466
1.04158
1.03771
1.03383
1.03028
1.02719
1.02461
1.02252
1.02074
1.019
1.01717
1.01553
1.01485
1.015
1.01581
1.017
1.01795
1.01865
1.0188
1.0265
1.07005
1.25
1.25
1.25
1.25
1.25
1.25
1.25
1.25
1.25
1.14994
1.00532
0.990924
0.992379
0.99685
1.00292
1.00812
1.01065
1.00982
1.00685
1.00347
1.00134
1.00015
0.999903
0.999794
1.00015
1.00328
1.02057
1.03805
1.04334
1.04286
1.03994
1.03627
1.03258
1.0292
1.02624
1.02378
1.02172
1.01985
1.018
1.0162
1.01488
1.01446
1.01476
1.01568
1.01691
1.01785
1.0185
1.0193
1.02833
1.08271
1.25
1.25
1.25
1.25
1.25
1.25
1.25
1.25
1.25
1.25
1.0274
0.996084
0.996367
1.00107
1.00858
1.01464
1.0178
1.01632
1.01176
1.00649
1.00286
1.00079
1.00015
0.999845
1.00012
1.00512
1.01982
1.03826
1.04394
1.04351
1.04047
1.03662
1.03277
1.02924
1.02618
1.02367
1.02153
1.01951
1.01747
1.01551
1.01435
1.01408
1.0145
1.01551
1.01677
1.01765
1.01817
1.01954
1.02982
1.09617
1.25
1.25
1.25
1.25
1.25
1.25
1.25
1.25
1.25
1.25
1.06672
1.00296
1.001
1.00556
1.01482
1.02223
1.02615
1.02418
1.01794
1.01039
1.00486
1.00163
1.00046
0.999912
1.0001
1.01097
1.02199
1.04133
1.04695
1.04595
1.04225
1.03783
1.03349
1.02959
1.02627
1.02357
1.02126
1.01907
1.01682
1.01478
1.0138
1.01365
1.01414
1.0152
1.01645
1.01726
1.01769
1.01947
1.03109
1.11134
1.25
1.25
1.25
1.25
1.25
1.25
1.25
1.25
1.25
1.25
1.14034
1.01259
1.00655
1.0103
1.02161
1.03058
1.03564
1.03343
1.02548
1.0153
1.00743
1.00269
1.00084
0.999993
1.00008
1.03224
1.02321
1.04324
1.04861
1.04709
1.04293
1.03812
1.03347
1.02933
1.02584
1.02294
1.02038
1.01798
1.01568
1.0139
1.01311
1.01303
1.01356
1.01463
1.01586
1.01658
1.01692
1.01905
1.03167
1.12575
1.25
1.25
1.25
1.25
1.25
1.25
1.25
1.25
1.25
1.25
1.25
1.02609
1.01294
1.01506
1.02853
1.03939
1.04591
1.04385
1.03432
1.02127
1.01062
1.00397
1.00131
1.00009
1.00007
1.25
1.02392
1.04425
1.04925
1.04732
1.0428
1.03773
1.03291
1.02864
1.02506
1.02204
1.01933
1.01676
1.01442
1.01284
1.01217
1.01215
1.0127
1.01378
1.01496
1.01561
1.01587
1.01832
1.03163
1.14134
1.25
1.25
1.25
1.25
1.25
1.25
1.25
1.25
1.25
1.25
1.25
1.04654
1.02062
1.02004
1.03549
1.04854
1.0565
1.05525
1.04435
1.02834
1.01446
1.00555
1.00187
1.00019
1.00005
1.21865
1.0243
1.04466
1.04907
1.04674
1.04191
1.03663
1.03168
1.02736
1.0238
1.0208
1.01804
1.0154
1.01299
1.01155
1.011
1.01103
1.01158
1.01264
1.01376
1.01432
1.01452
1.01713
1.03078
1.15357
1.25
1.25
1.25
1.25
1.25
1.25
1.25
1.25
1.25
1.25
1.25
1.07766
1.027
1.02518
1.042
1.05757
1.06747
1.06725
1.05543
1.03649
1.01899
1.00744
1.00252
1.00031
1.00005
1.03302
1.02456
1.04474
1.04859
1.0459
1.04078
1.03531
1.03023
1.02587
1.02229
1.01926
1.01648
1.0138
1.01146
1.01024
1.00977
1.00979
1.0103
1.0113
1.01233
1.0128
1.01294
1.0156
1.02951
1.16495
1.25
1.25
1.25
1.25
1.25
1.25
1.25
1.25
1.25
1.25
1.25
1.12567
1.03728
1.03086
1.04807
1.06642
1.07819
1.07949
1.06722
1.04557
1.02423
1.00965
1.00326
1.00044
1.00004
1.01277
1.02524
1.0447
1.04801
1.04499
1.0396
1.03393
1.02872
1.02428
1.02058
1.01739
1.01452
1.01188
1.00986
1.00882
1.00839
1.00838
1.0088
1.00969
1.01057
1.01099
1.0111
1.01366
1.02704
1.17152
1.25
1.25
1.25
1.25
1.25
1.25
1.25
1.25
1.25
1.25
1.25
1.20081
1.04796
1.03736
1.05313
1.07458
1.08834
1.09152
1.07942
1.05545
1.03016
1.01218
1.00409
1.00058
1.00004
1.00687
1.0255
1.04422
1.04694
1.04357
1.03795
1.03213
1.02684
1.02234
1.01858
1.01531
1.0124
1.00985
1.00807
1.00716
1.00678
1.00675
1.00708
1.00781
1.0085
1.00889
1.00903
1.01137
1.02424
1.1758
1.25
1.25
1.25
1.25
1.25
1.25
1.25
1.25
1.25
1.25
1.25
1.25
1.0598
1.04494
1.05764
1.08186
1.09788
1.10287
1.09157
1.06582
1.03668
1.015
1.00504
1.00074
1.00003
1.00436
1.02534
1.04308
1.04512
1.04141
1.03559
1.02969
1.0244
1.01994
1.01621
1.01297
1.0101
1.00768
1.00608
1.00528
1.00494
1.00488
1.0051
1.00565
1.00618
1.00652
1.0067
1.00868
1.01996
1.17344
1.25
1.25
1.25
1.25
1.25
1.25
1.25
1.25
1.25
1.25
1.25
1.25
1.07672
1.05072
1.06247
1.08776
1.10635
1.11319
1.10324
1.07641
1.04359
1.01816
1.00604
1.00087
1.00003
1.00309
1.02461
1.0411
1.0424
1.03837
1.03244
1.02656
1.02136
1.01705
1.0135
1.01037
1.00765
1.00534
1.00394
1.00327
1.00296
1.00286
1.00299
1.00319
1.0037
1.00393
1.00414
1.00564
1.01506
1.16687
1.25
1.25
1.25
1.25
1.25
1.25
1.25
1.25
1.25
1.25
1.25
1.25
1.1042
1.0539
1.06745
1.09295
1.11355
1.12242
1.11404
1.08681
1.05076
1.02169
1.00707
1.00102
1.00002
1.00236
1.02319
1.03825
1.03884
1.03459
1.02866
1.02291
1.01792
1.01383
1.0105
1.00758
1.00504
1.00293
1.00178
1.00123
1.00095
1.00081
1.0008
1.00091
1.00111
1.00133
1.00151
1.00241
1.00943
1.15319
1.25
1.25
1.25
1.25
1.25
1.25
1.25
1.25
1.25
1.25
1.25
1.25
1.1346
1.06138
1.07087
1.0975
1.11924
1.13007
1.12363
1.09667
1.05812
1.02533
1.00819
1.0012
1.00003
1.00193
1.02155
1.03506
1.03498
1.03059
1.02471
1.0191
1.0143
1.01038
1.00715
1.00444
1.00214
1.00041
0.999506
0.999026
0.998722
0.998497
0.998309
0.998305
0.99824
0.998458
0.998634
0.998847
1.00262
1.13623
1.25
1.25
1.25
1.25
1.25
1.25
1.25
1.25
1.25
1.25
1.25
1.25
1.1739
1.07004
1.07436
1.10123
1.12388
1.13625
1.13178
1.10569
1.06534
1.02906
1.0094
1.00139
1.00003
1.00141
1.01987
1.03184
1.03115
1.02659
1.02074
1.01524
1.01059
1.00681
1.00369
1.00118
0.999172
0.997824
0.99711
0.9967
0.996384
0.996065
0.995707
0.995382
0.995253
0.995419
0.995598
0.994983
0.994672
1.11156
1.25
1.25
1.25
1.25
1.25
1.25
1.25
1.25
1.25
1.25
1.25
1.25
1.22045
1.07887
1.07732
1.10439
1.12723
1.1409
1.13828
1.11359
1.07218
1.03282
1.01065
1.00159
1.00003
1.00092
1.01786
1.02871
1.02724
1.02247
1.01663
1.01124
1.00673
1.0031
1.00016
0.997899
0.996209
0.995173
0.994649
0.994324
0.994014
0.993621
0.993086
0.992527
0.992213
0.99237
0.992496
0.990911
0.985977
1.08268
1.25
1.25
1.25
1.25
1.25
1.25
1.25
1.25
1.25
1.25
1.25
1.25
1.25
1.09144
1.08014
1.10689
1.12996
1.14419
1.1432
1.12015
1.07845
1.03652
1.01192
1.0018
1.00003
1.00089
1.01562
1.02529
1.02298
1.01806
1.01228
1.00704
1.00271
0.999267
0.996545
0.994555
0.993197
0.992452
0.99211
0.991867
0.991555
0.991075
0.990352
0.989556
0.989075
0.989209
0.989235
0.986489
0.976036
1.04611
1.25
1.25
1.25
1.25
1.25
1.25
1.25
1.25
1.25
1.25
1.25
1.25
1.25
1.10066
1.08499
1.10889
1.13186
1.14637
1.14656
1.1253
1.08393
1.04004
1.01319
1.00201
1.00004
1.00096
1.0135
1.0213
1.01836
1.01335
1.00771
1.0027
0.998625
0.995428
0.992974
0.991295
0.990261
0.989759
0.989559
0.989384
0.989069
0.988496
0.987576
0.986562
0.985951
0.986079
0.985885
0.981766
0.964775
1.00447
1.25
1.25
1.25
1.25
1.25
1.25
1.25
1.25
1.25
1.25
1.25
1.25
1.25
1.11613
1.08777
1.11185
1.13339
1.14781
1.1487
1.12907
1.08858
1.04334
1.01446
1.00222
1.00004
1.0009
1.01122
1.01717
1.01361
1.0085
1.00302
0.998268
0.994475
0.991558
0.989419
0.988104
0.987419
0.987151
0.987056
0.986898
0.986539
0.985863
0.984737
0.983513
0.982812
0.982933
0.98245
0.97665
0.951679
0.954201
1.25
1.25
1.25
1.25
1.25
1.25
1.25
1.25
1.25
1.25
1.25
1.25
1.25
1.13144
1.09272
1.11396
1.13529
1.14868
1.14997
1.13166
1.09235
1.04634
1.01571
1.00243
1.00005
1.00083
1.00885
1.01299
1.00883
1.00361
0.998283
0.99378
0.990269
0.987644
0.985838
0.984928
0.984633
0.984634
0.984654
0.984488
0.984034
0.983207
0.981875
0.980461
0.979702
0.979821
0.978901
0.971049
0.936277
0.896795
1.25
1.25
1.25
1.25
1.25
1.25
1.25
1.25
1.25
1.25
1.25
1.25
1.25
1.14584
1.09931
1.11651
1.13748
1.14984
1.15087
1.13348
1.09542
1.04908
1.01694
1.00266
1.00005
1.00076
1.00643
1.00878
1.00405
0.998741
0.993563
0.989301
0.986061
0.983716
0.982246
0.981751
0.981854
0.982132
0.982287
0.982119
0.981542
0.980494
0.97893
0.977358
0.976589
0.976686
0.975279
0.964956
0.918608
0.826792
1.25
1.25
1.25
1.25
1.25
1.25
1.25
1.25
1.25
1.25
1.25
1.11129
1.25
1.16316
1.10608
1.12
1.14035
1.15162
1.15202
1.13511
1.09813
1.05166
1.01818
1.00289
1.00006
1.0007
1.00402
1.00465
0.999405
0.994003
0.988972
0.984944
0.981968
0.979896
0.97876
0.978676
0.979166
0.979699
0.979972
0.979792
0.979067
0.977755
0.975989
0.974227
0.973474
0.973407
0.971503
0.958029
0.898139
0.743375
1.25
1.25
1.25
1.25
1.25
1.25
1.25
1.25
1.25
1.25
1.25
0.915275
1.25
1.18255
1.11413
1.12425
1.14443
1.15461
1.15428
1.13728
1.10096
1.05426
1.01949
1.00314
1.00006
1.00066
1.00167
1.00069
0.99498
0.989493
0.984601
0.980795
0.978075
0.976272
0.975467
0.975803
0.976679
0.977463
0.977846
0.977641
0.976742
0.975105
0.973093
0.971065
0.970416
0.970203
0.967354
0.950172
0.873434
0.646046
1.25
1.25
1.25
1.25
1.25
1.25
1.25
1.25
1.25
1.25
1.25
0.690275
1.25
1.20466
1.12291
1.12971
1.1498
1.15931
1.15832
1.14082
1.10466
1.05723
1.02094
1.00341
1.00007
1.00062
0.999436
0.996958
0.990811
0.98523
0.980454
0.976845
0.974358
0.972805
0.972328
0.973084
0.974347
0.975389
0.9759
0.975694
0.974639
0.972645
0.97017
0.967898
0.967362
0.967116
0.962748
0.941079
0.842147
0.536485
1.25
1.25
1.25
1.25
1.25
1.25
1.25
1.25
1.25
1.25
1.25
0.422471
1.25
1.23008
1.13311
1.13633
1.15696
1.16619
1.16492
1.14688
1.1101
1.06097
1.02263
1.00371
1.00008
1.00059
0.99734
0.993467
0.986905
0.981204
0.976502
0.973047
0.970755
0.969422
0.969248
0.970409
0.972045
0.973327
0.973947
0.973732
0.972536
0.970216
0.967242
0.964842
0.964339
0.963844
0.957495
0.930346
0.802806
0.416411
1.25
1.25
1.25
1.25
1.25
1.25
1.25
1.25
1.25
1.25
1.25
0.104455
1.25
1.25
1.1445
1.14436
1.16597
1.17569
1.17477
1.15661
1.11845
1.06622
1.02484
1.00406
1.00008
1.00056
0.995386
0.99025
0.983303
0.977465
0.972803
0.969464
0.96733
0.966182
0.966283
0.967827
0.969811
0.971298
0.971973
0.971684
0.970285
0.96763
0.964315
0.961833
0.961384
0.960307
0.951516
0.917093
0.75212
0.301729
1.25
1.25
1.25
1.25
1.25
1.25
1.25
1.25
1.25
1.25
1.25
0
1.25
1.25
1.15762
1.15382
1.1772
1.18811
1.18848
1.17041
1.13092
1.07376
1.02778
1.00445
1.00009
1.00055
0.993675
0.987383
0.980077
0.974084
0.969428
0.966169
0.96416
0.963169
0.963522
0.965425
0.96773
0.969387
0.970069
0.969642
0.967981
0.964973
0.961418
0.958852
0.958482
0.956472
0.944612
0.900615
0.688632
0.223157
1.25
1.25
1.25
1.25
1.25
1.25
1.25
1.25
1.25
1.25
1.25
0
1.25
1.25
1.1721
1.16468
1.19035
1.20327
1.20586
1.18881
1.14743
1.0835
1.03111
1.00476
1.00011
1.00053
0.992127
0.984885
0.977264
0.971107
0.966425
0.963209
0.961291
0.960425
0.961003
0.963233
0.965825
0.96761
0.968243
0.967598
0.965591
0.962248
0.958515
0.955898
0.955579
0.952005
0.936771
0.879473
0.606339
0.247923
1.25
1.25
1.25
1.25
1.25
1.25
1.25
1.25
1.25
1.25
1.25
0.162824
1.25
1.25
1.18847
1.17733
1.20617
1.22201
1.22819
1.21361
1.17124
1.09842
1.03622
1.00541
1.00011
1.00054
0.99091
0.982706
0.974801
0.968474
0.963743
0.960546
0.958696
0.957949
0.95873
0.961266
0.964108
0.965993
0.966531
0.965577
0.963065
0.959456
0.955517
0.953003
0.952579
0.946749
0.927645
0.851343
0.502399
0.405928
1.25
1.25
1.25
1.25
1.25
1.25
1.25
1.25
1.25
1.25
1.25
0.529003
1.25
1.25
1.20663
1.19115
1.22416
1.2437
1.25
1.24408
1.20184
1.11871
1.0436
1.00635
1.00011
1.00048
0.989843
0.981043
0.972849
0.966315
0.961486
0.958259
0.956441
0.955819
0.956774
0.9596
0.962644
0.964613
0.965043
0.963734
0.960572
0.956763
0.952379
0.950282
0.949362
0.941508
0.916409
0.813949
0.363349
0.688638
1.25
1.25
1.25
1.25
1.25
1.25
1.25
1.25
1.25
1.25
1.25
0.83148
1.25
1.25
1.22695
1.2064
1.24417
1.25
1.25
1.25
1.23755
1.14301
1.05191
1.007
1.00013
1.00058
0.988644
0.979031
0.970908
0.964357
0.959526
0.956311
0.954536
0.954027
0.955155
0.958248
0.961477
0.963512
0.963847
0.962241
0.958463
0.954049
0.949166
0.947663
0.945839
0.934987
0.902115
0.76586
0.178178
0.994718
1.25
1.25
1.25
1.25
1.25
1.25
1.25
1.25
1.25
1.25
1.25
1.05707
1.25
1.25
1.24833
1.22408
1.25
1.25
1.25
1.25
1.25
1.17733
1.06422
1.00807
1.00014
1.00059
0.988137
0.978515
0.970091
0.963302
0.958294
0.954946
0.953086
0.952546
0.953794
0.95706
0.960425
0.962436
0.962601
0.9607
0.956464
0.951161
0.946143
0.945064
0.941561
0.92767
0.883302
0.704666
0
1.25
1.25
1.25
1.25
1.25
1.25
1.25
1.25
1.25
1.25
1.25
1.25
1.23507
1.25
1.25
1.25
1.24304
1.25
1.25
1.25
1.25
1.25
1.21267
1.07783
1.00928
1.00012
1.00042
0.989632
0.979788
0.970719
0.963334
0.957846
0.954128
0.951996
0.95129
0.952558
0.955913
0.959315
0.961168
0.960985
0.958604
0.953946
0.948135
0.943147
0.942322
0.935893
0.918696
0.857951
0.624159
0
1.25
1.25
1.25
1.25
1.25
1.25
1.25
1.25
1.25
1.25
1.25
1.25
1.25
1.25
1.25
1.25
1.25
1.25
1.25
1.25
1.25
1.25
1.25
1.09823
1.01157
1.00013
1.00037
0.990885
0.980165
0.970991
0.963242
0.957408
0.953387
0.95101
0.950182
0.95148
0.954929
0.958314
0.959931
0.959257
0.956117
0.951076
0.944967
0.940333
0.939238
0.930556
0.907422
0.823885
0.516445
0
1.25
1.25
1.25
1.25
1.25
1.25
1.25
1.25
1.25
1.25
1.25
1.25
1.25
1.25
1.25
1.25
1.25
1.25
1.25
1.25
1.25
1.25
1.25
1.12362
1.01434
1.00022
1.00038
0.989892
0.979814
0.970702
0.96291
0.956942
0.952757
0.950223
0.94934
0.950712
0.954259
0.957593
0.958914
0.957655
0.953473
0.948447
0.941443
0.937823
0.935402
0.92327
0.892838
0.778429
0.369763
0
1.25
1.25
1.25
1.25
1.25
1.25
1.25
1.25
1.25
1.25
1.25
1.25
1.25
1.25
1.25
1.25
1.25
1.25
1.25
1.25
1.25
1.25
1.25
1.14474
1.01527
1.00021
1.00051
0.988722
0.979375
0.970425
0.962709
0.956695
0.952416
0.949778
0.948881
0.950363
0.954003
0.957269
0.958303
0.956542
0.951407
0.945874
0.937861
0.935528
0.930851
0.915561
0.873416
0.718599
0.166087
0.343384
1.25
1.25
1.25
1.25
1.25
1.25
1.25
1.25
1.25
1.25
1.25
1.25
1.25
1.25
1.25
1.25
1.25
1.25
1.25
1.25
1.25
1.25
1.25
1.1766
1.01775
1.00019
1.0006
0.989279
0.979657
0.970785
0.962977
0.956813
0.952371
0.949568
0.948606
0.950151
0.953823
0.956933
0.957606
0.955344
0.949707
0.942774
0.934878
0.933218
0.924653
0.906343
0.847139
0.640102
0
0.822807
1.25
1.25
1.25
1.25
1.25
1.25
1.25
1.25
1.25
1.25
1.25
1.25
1.25
1.25
1.25
1.25
1.25
1.25
1.25
1.25
1.25
1.25
1.25
1.2125
1.02183
1.00022
1.00058
0.991082
0.980898
0.971902
0.963764
0.957279
0.952536
0.949448
0.948312
0.949817
0.953408
0.956193
0.956256
0.953066
0.94707
0.939133
0.932063
0.930163
0.917779
0.894256
0.810854
0.533452
0
1.25
1.25
1.25
1.25
1.25
1.25
1.25
1.25
1.25
1.25
1.25
1.25
1.25
1.25
1.25
1.25
1.25
1.25
1.25
1.25
1.25
1.25
1.25
1.25
1.25
1.02574
1.00023
1.00055
0.992624
0.982406
0.973281
0.964827
0.958014
0.952969
0.949598
0.948271
0.94972
0.953174
0.955527
0.954812
0.95018
0.944273
0.934963
0.929506
0.925777
0.911066
0.877691
0.761549
0.387148
0
1.25
1.25
1.25
1.25
1.25
1.25
1.25
1.25
1.25
1.25
1.25
1.25
1.25
1.25
1.25
1.25
1.25
1.25
1.25
1.25
1.25
1.25
1.25
1.25
1.25
1.03053
1.00025
1.00055
0.993888
0.983945
0.974768
0.966106
0.959044
0.953778
0.950218
0.94876
0.950207
0.953513
0.955432
0.954024
0.947995
0.942044
0.930903
0.927427
0.919955
0.901724
0.855218
0.694707
0.1835
0.0852745
1.25
1.25
1.25
1.25
1.25
1.25
1.25
1.25
1.25
1.25
1.25
1.25
1.25
1.25
1.25
1.25
1.25
1.25
1.25
1.25
1.25
1.25
1.25
1.25
1.25
1.03582
1.00027
1.00055
0.995286
0.985619
0.976418
0.967583
0.960291
0.954812
0.951068
0.94948
0.950879
0.95396
0.955347
0.953226
0.946513
0.938996
0.92798
0.925395
0.912225
0.891285
0.824001
0.605842
0
0.614386
1.25
1.25
1.25
1.25
1.25
1.25
1.25
1.25
1.25
1.25
1.25
1.25
1.25
1.25
1.25
1.25
1.25
1.25
1.25
1.25
1.25
1.25
1.25
1.25
1.25
1.04205
1.00029
1.00057
0.996792
0.987377
0.978144
0.96911
0.961544
0.955784
0.95177
0.949996
0.951225
0.953894
0.954469
0.951042
0.944167
0.934767
0.925766
0.92188
0.905831
0.877203
0.780517
0.484326
0
1.08446
1.25
1.25
1.25
1.25
1.25
1.25
1.25
1.25
1.25
1.25
1.25
1.25
1.25
1.25
1.25
1.25
1.25
1.25
1.25
1.25
1.25
1.25
1.25
1.25
1.25
1.04893
1.00031
1.00059
0.998397
0.989206
0.979935
0.970693
0.962846
0.956817
0.952567
0.950617
0.951709
0.953825
0.953391
0.947913
0.941778
0.929472
0.923552
0.915725
0.896234
0.856471
0.721325
0.313491
0
1.25
1.25
1.25
1.25
1.25
1.25
1.25
1.25
1.25
1.25
1.25
1.25
1.25
1.25
1.25
1.25
1.25
1.25
1.25
1.25
1.25
1.25
1.25
1.25
1.25
1.25
1.05684
1.00033
1.00062
1.00012
0.991156
0.981887
0.972492
0.964441
0.958242
0.953888
0.95186
0.952936
0.954536
0.953249
0.945949
0.940156
0.92521
0.921505
0.907721
0.886501
0.827303
0.642053
0.0731867
0.183298
1.25
1.25
1.25
1.25
1.25
1.25
1.25
1.25
1.25
1.25
1.25
1.25
1.25
1.25
1.25
1.25
1.25
1.25
1.25
1.25
1.25
1.25
1.25
1.25
1.25
1.25
1.06544
1.00036
1.00065
1.00195
0.993185
0.983917
0.974373
0.966131
0.959769
0.955271
0.95313
0.954
0.95504
0.952584
0.944823
0.936516
0.923433
0.919298
0.898769
0.873662
0.787455
0.531024
0
0.69429
1.25
1.25
1.25
1.25
1.25
1.25
1.25
1.25
1.25
1.25
1.25
1.25
1.25
1.25
1.25
1.25
1.25
1.25
1.25
1.25
1.25
1.25
1.25
1.25
1.25
1.25
1.07513
1.00039
1.00068
1.00382
0.995177
0.985817
0.976009
0.967465
0.960879
0.956141
0.953892
0.95427
0.95451
0.949845
0.942819
0.930593
0.921893
0.913927
0.892082
0.854839
0.731171
0.376688
0
1.1713
1.25
1.25
1.25
1.25
1.25
1.25
1.25
1.25
1.25
1.25
1.25
1.25
1.25
1.25
1.25
1.25
1.25
1.25
1.25
1.25
1.25
1.25
1.25
1.25
1.25
1.25
1.0855
1.00042
1.00072
1.00572
0.997086
0.987501
0.977277
0.96833
0.961542
0.956737
0.954707
0.954782
0.954129
0.946963
0.94128
0.924665
0.920091
0.904228
0.881301
0.826771
0.655563
0.15923
0
1.25
1.25
1.25
1.25
1.25
1.25
1.25
1.25
1.25
1.25
1.25
1.25
1.25
1.25
1.25
1.25
1.25
1.25
1.25
1.25
1.25
1.25
1.25
1.25
1.25
1.25
1.25
1.09698
1.00045
1.00077
1.00766
0.998929
0.989014
0.978255
0.968778
0.961789
0.957154
0.955448
0.955665
0.954033
0.945488
0.939385
0.921919
0.91774
0.893661
0.868612
0.78757
0.552897
0
0.451586
1.25
1.25
1.25
1.25
1.25
1.25
1.25
1.25
1.25
1.25
1.25
1.25
1.25
1.25
1.25
1.25
1.25
1.25
1.25
1.25
1.25
1.25
1.25
1.25
1.25
1.25
1.25
1.10906
1.0005
1.00082
1.00972
1.00085
0.990615
0.979325
0.969277
0.961882
0.957445
0.955522
0.955792
0.952201
0.944006
0.933919
0.92218
0.912802
0.887762
0.850789
0.732272
0.405009
0
0.957017
1.25
1.25
1.25
1.25
1.25
1.25
1.25
1.25
1.25
1.25
1.25
1.25
1.25
1.25
1.25
1.25
1.25
1.25
1.25
1.25
1.25
1.25
1.25
1.25
1.25
1.25
1.25
1.1222
1.00055
1.00088
1.01199
1.00303
0.992626
0.980933
0.97058
0.962709
0.958432
0.956123
0.95584
0.948984
0.943063
0.926069
0.921086
0.902151
0.87714
0.823278
0.657587
0.198676
0
1.25
1.25
1.25
1.25
1.25
1.25
1.25
1.25
1.25
1.25
1.25
1.25
1.25
1.25
1.25
1.25
1.25
1.25
1.25
1.25
1.25
1.25
1.25
1.25
1.25
1.25
1.25
1.25
1.13581
1.00061
1.00094
1.01448
1.0055
0.99506
0.983132
0.972631
0.964456
0.960116
0.95798
0.957036
0.947316
0.943261
0.9219
0.918374
0.889246
0.864312
0.783526
0.557972
0
0.286174
1.25
1.25
1.25
1.25
1.25
1.25
1.25
1.25
1.25
1.25
1.25
1.25
1.25
1.25
1.25
1.25
1.25
1.25
1.25
1.25
1.25
1.25
1.25
1.25
1.25
1.25
1.25
1.25
1.15039
1.00068
1.00101
1.01719
1.00821
0.997823
0.985701
0.975089
0.966513
0.961468
0.959169
0.956878
0.94691
0.939095
0.923254
0.913438
0.883742
0.846431
0.727337
0.415858
0
0.809262
1.25
1.25
1.25
1.25
1.25
1.25
1.25
1.25
1.25
1.25
1.25
1.25
1.25
1.25
1.25
1.25
1.25
1.25
1.25
1.25
1.25
1.25
1.25
1.25
1.25
1.25
1.25
1.25
1.16626
1.00076
1.00107
1.02007
1.01116
1.00102
0.988897
0.978393
0.969366
0.963226
0.959845
0.954088
0.946492
0.930417
0.924008
0.902444
0.873658
0.818746
0.651717
0.214348
0
1.25
1.25
1.25
1.25
1.25
1.25
1.25
1.25
1.25
1.25
1.25
1.25
1.25
1.25
1.25
1.25
1.25
1.25
1.25
1.25
1.25
1.25
1.25
1.25
1.25
1.25
1.25
1.25
1.25
1.18281
1.00087
1.00114
1.02309
1.01419
1.00422
0.992023
0.981723
0.972524
0.96606
0.961705
0.951426
0.94704
0.924235
0.921229
0.887038
0.860253
0.778562
0.552291
0
0.171734
1.25
1.25
1.25
1.25
1.25
1.25
1.25
1.25
1.25
1.25
1.25
1.25
1.25
1.25
1.25
1.25
1.25
1.25
1.25
1.25
1.25
1.25
1.25
1.25
1.25
1.25
1.25
1.25
1.25
1.19386
1.00099
1.0012
1.02611
1.01689
1.00652
0.993483
0.982654
0.97313
0.967753
0.96321
0.949981
0.945162
0.925067
0.91381
0.881502
0.841225
0.719568
0.413591
0
0.706334
1.25
1.25
1.25
1.25
1.25
1.25
1.25
1.25
1.25
1.25
1.25
1.25
1.25
1.25
1.25
1.25
1.25
1.25
1.25
1.25
1.25
1.25
1.25
1.25
1.25
1.25
1.25
1.25
1.25
1.21347
1.00115
1.00128
1.02924
1.01949
1.0083
0.993743
0.981547
0.971056
0.96565
0.961515
0.948976
0.93691
0.928838
0.901837
0.872181
0.812859
0.641219
0.214639
0
1.25
1.25
1.25
1.25
1.25
1.25
1.25
1.25
1.25
1.25
1.25
1.25
1.25
1.25
1.25
1.25
1.25
1.25
1.25
1.25
1.25
1.25
1.25
1.25
1.25
1.25
1.25
1.25
1.25
1.25
1.23007
1.00133
1.00134
1.03287
1.02285
1.01181
0.996619
0.983464
0.972601
0.964548
0.958105
0.950168
0.927463
0.926693
0.886298
0.857947
0.771721
0.542179
0
0.0832191
1.25
1.25
1.25
1.25
1.25
1.25
1.25
1.25
1.25
1.25
1.25
1.25
1.25
1.25
1.25
1.25
1.25
1.25
1.25
1.25
1.25
1.25
1.25
1.25
1.25
1.25
1.25
1.25
1.25
1.25
1.24739
1.00156
1.00138
1.03739
1.02772
1.01762
1.00336
0.989932
0.979302
0.969095
0.956657
0.952043
0.926798
0.916595
0.879449
0.837773
0.709127
0.405151
0
0.619852
1.25
1.25
1.25
1.25
1.25
1.25
1.25
1.25
1.25
1.25
1.25
1.25
1.25
1.25
1.25
1.25
1.25
1.25
1.25
1.25
1.25
1.25
1.25
1.25
1.25
1.25
1.25
1.25
1.25
1.25
1.25
1.00185
1.00135
1.04248
1.03303
1.02334
1.00954
0.99494
0.984671
0.972782
0.956882
0.946384
0.932489
0.902982
0.870663
0.808119
0.62799
0.209756
0
1.22103
1.25
1.25
1.25
1.25
1.25
1.25
1.25
1.25
1.25
1.25
1.25
1.25
1.25
1.25
1.25
1.25
1.25
1.25
1.25
1.25
1.25
1.25
1.25
1.25
1.25
1.25
1.25
1.25
1.25
1.25
1.25
1.0022
1.00129
1.04816
1.03844
1.0281
1.01305
0.995499
0.986499
0.971999
0.957466
0.93684
0.932015
0.888378
0.856066
0.765165
0.527747
0
0.026075
1.25
1.25
1.25
1.25
1.25
1.25
1.25
1.25
1.25
1.25
1.25
1.25
1.25
1.25
1.25
1.25
1.25
1.25
1.25
1.25
1.25
1.25
1.25
1.25
1.25
1.25
1.25
1.25
1.25
1.25
1.25
1.25
1.00264
1.00107
1.05558
1.04505
1.0349
1.01757
0.995514
0.986509
0.970676
0.958181
0.93301
0.920725
0.881412
0.834487
0.699709
0.392209
0
0.549217
1.25
1.25
1.25
1.25
1.25
1.25
1.25
1.25
1.25
1.25
1.25
1.25
1.25
1.25
1.25
1.25
1.25
1.25
1.25
1.25
1.25
1.25
1.25
1.25
1.25
1.25
1.25
1.25
1.25
1.25
1.25
1.25
1.00319
1.0007
1.06586
1.05421
1.04489
1.02523
0.997654
0.98425
0.969719
0.955304
0.936284
0.902027
0.872897
0.8028
0.616257
0.20023
0
1.1303
1.25
1.25
1.25
1.25
1.25
1.25
1.25
1.25
1.25
1.25
1.25
1.25
1.25
1.25
1.25
1.25
1.25
1.25
1.25
1.25
1.25
1.25
1.25
1.25
1.25
1.25
1.25
1.25
1.25
1.25
1.25
1.25
1.0039
0.99992
1.08005
1.06596
1.05745
1.03353
1.00274
0.981752
0.96777
0.946962
0.93792
0.889847
0.857686
0.757418
0.514821
0
0
1.25
1.25
1.25
1.25
1.25
1.25
1.25
1.25
1.25
1.25
1.25
1.25
1.25
1.25
1.25
1.25
1.25
1.25
1.25
1.25
1.25
1.25
1.25
1.25
1.25
1.25
1.25
1.25
1.25
1.25
1.25
1.25
1.25
1.0048
0.998662
1.09955
1.07988
1.07169
1.04055
1.01003
0.984104
0.965192
0.940478
0.928579
0.881453
0.835764
0.689966
0.381294
0
0.458665
1.25
1.25
1.25
1.25
1.25
1.25
1.25
1.25
1.25
1.25
1.25
1.25
1.25
1.25
1.25
1.25
1.25
1.25
1.25
1.25
1.25
1.25
1.25
1.25
1.25
1.25
1.25
1.25
1.25
1.25
1.25
1.25
1.25
1.00596
0.996448
1.12991
1.0992
1.09136
1.04924
1.01528
0.989098
0.962421
0.938221
0.905588
0.87389
0.801571
0.603292
0.192887
0
1.04408
1.25
1.25
1.25
1.25
1.25
1.25
1.25
1.25
1.25
1.25
1.25
1.25
1.25
1.25
1.25
1.25
1.25
1.25
1.25
1.25
1.25
1.25
1.25
1.25
1.25
1.25
1.25
1.25
1.25
1.25
1.25
1.25
1.25
1.0075
0.993001
1.17462
1.12733
1.11672
1.05861
1.0163
0.99078
0.957159
0.934893
0.88836
0.849895
0.742025
0.487608
0
0
1.25
1.25
1.25
1.25
1.25
1.25
1.25
1.25
1.25
1.25
1.25
1.25
1.25
1.25
1.25
1.25
1.25
1.25
1.25
1.25
1.25
1.25
1.25
1.25
1.25
1.25
1.25
1.25
1.25
1.25
1.25
1.25
1.25
1.25
1.00951
0.987805
1.23643
1.15789
1.13962
1.06323
1.01485
0.990397
0.955467
0.932452
0.884021
0.830163
0.6742
0.35345
0
0.423516
1.25
1.25
1.25
1.25
1.25
1.25
1.25
1.25
1.25
1.25
1.25
1.25
1.25
1.25
1.25
1.25
1.25
1.25
1.25
1.25
1.25
1.25
1.25
1.25
1.25
1.25
1.25
1.25
1.25
1.25
1.25
1.25
1.25
1.25
1.01244
0.950273
0.353634
0.0485268
1.25
0
1.25
1.25
1.25
1.25
1.25
1.25
1.25
1.25
1.25
1.25
1.25
1.25
1.25
1.25
1.25
1.25
1.25
1.25
1.25
1.25
1.25
1.25
1.25
1.25
1.25
1.25
1.25
1.25
1.25
1.25
1.25
1.25
1.25
1.25
1.25
1.25
1.25
1.25
1.25
1.25
1.25
1.25
1.25
1.21656
1.01929
0.950465
0.377879
0.675258
1.25
0
1.25
1.25
1.25
1.25
1.25
1.25
1.25
1.25
1.25
1.25
1.25
1.25
1.25
1.25
1.25
1.25
1.25
1.25
1.25
1.25
1.25
1.25
1.25
1.25
1.25
1.25
1.25
1.25
1.25
1.25
1.25
1.25
1.25
1.25
1.25
1.25
1.25
1.25
1.25
1.25
1.25
1.25
1.25
1.22162
1.01891
0.950442
0.400101
0.303271
1.25
0
1.25
1.25
1.25
1.25
1.25
1.25
1.25
1.25
1.25
1.25
1.25
1.25
1.25
1.25
1.25
1.25
1.25
1.25
1.25
1.25
1.25
1.25
1.25
1.25
1.25
1.25
1.25
1.25
1.25
1.25
1.25
1.25
1.25
1.25
1.25
1.25
1.25
1.25
1.25
1.25
1.25
1.25
1.25
1.22438
1.0186
0.950627
0.425213
0.752712
1.25
0
1.25
1.25
1.25
1.25
1.25
1.25
1.25
1.25
1.25
1.25
1.25
1.25
1.25
1.25
1.25
1.25
1.25
1.25
1.25
1.25
1.25
1.25
1.25
1.25
1.25
1.25
1.25
1.25
1.25
1.25
1.25
1.25
1.25
1.25
1.25
1.25
1.25
1.25
1.25
1.25
1.25
1.25
1.25
1.22682
1.01836
0.950436
0.449133
0.443115
1.25
0
1.25
1.25
1.25
1.25
1.25
1.25
1.25
1.25
1.25
1.25
1.25
1.25
1.25
1.25
1.25
1.25
1.25
1.25
1.25
1.25
1.25
1.25
1.25
1.25
1.25
1.25
1.25
1.25
1.25
1.25
1.25
1.25
1.25
1.25
1.25
1.25
1.25
1.25
1.25
1.25
1.25
1.25
1.25
1.22913
1.01821
0.950719
0.476506
0.718823
1.25
0
1.25
1.25
1.25
1.25
1.25
1.25
1.25
1.25
1.25
1.25
1.25
1.25
1.25
1.25
1.25
1.25
1.25
1.25
1.25
1.25
1.25
1.25
1.25
1.25
1.25
1.25
1.25
1.25
1.25
1.25
1.25
1.25
1.25
1.25
1.25
1.25
1.25
1.25
1.25
1.25
1.25
1.25
1.25
1.23133
1.01813
0.950665
0.50198
0.553665
1.25
0
1.25
1.25
1.25
1.25
1.25
1.25
1.25
1.25
1.25
1.25
1.25
1.25
1.25
1.25
1.25
1.25
1.25
1.25
1.25
1.25
1.25
1.25
1.25
1.25
1.25
1.25
1.25
1.25
1.25
1.25
1.25
1.25
1.25
1.25
1.25
1.25
1.25
1.25
1.25
1.25
1.25
1.25
1.25
1.23345
1.01808
0.950653
0.530967
0.687036
1.25
0
1.25
1.25
1.25
1.25
1.25
1.25
1.25
1.25
0
1.25
1.25
1.25
1.25
1.25
1.25
1.25
1.25
1.25
1.25
1.25
1.25
1.25
1.25
1.25
1.25
1.25
1.25
1.25
1.25
1.25
1.25
1.25
1.25
1.25
1.25
1.25
1.25
1.25
1.25
1.25
1.25
1.25
1.25
1.23556
1.01808
0.951688
0.556851
0.584115
1.25
0
1.25
1.25
1.25
1.25
1.25
1.25
1.25
1.25
1.22652
1.25
1.25
1.25
1.25
1.25
1.25
1.25
1.25
1.25
1.25
1.25
1.25
1.25
1.25
1.25
1.25
1.25
1.25
1.25
1.25
1.25
1.25
1.25
1.25
1.25
1.25
1.25
1.25
1.25
1.25
1.25
1.25
1.25
1.25
1.23768
1.01809
0.950865
0.58679
0.611628
1.25
0
1.25
1.25
1.25
1.25
1.25
1.25
0.15362
1.25
0
1.25
1.25
1.25
1.25
1.25
1.25
1.25
1.25
1.25
1.25
1.25
1.25
1.25
1.25
1.25
1.25
1.25
1.25
1.25
1.25
1.25
1.25
1.25
1.25
1.25
1.25
1.25
1.25
1.25
1.25
1.25
1.25
1.25
1.25
1.23988
1.01813
0.952455
0.613745
0.551539
1.25
0
1.25
1.25
1.25
1.25
1.25
1.25
1.15512
1.25
1.25
1.25
1.25
1.25
1.25
1.25
1.25
1.25
1.25
1.25
1.25
1.25
1.25
1.25
1.25
1.25
1.25
1.25
1.25
1.25
1.25
1.25
1.25
1.25
1.25
1.25
1.25
1.25
1.25
1.25
1.25
1.25
1.25
1.25
1.25
1.24216
1.01817
0.951715
0.644958
0.532788
1.25
0
1.25
1.25
1.25
1.25
1.25
1.25
0.349344
1.25
0
1.25
1.25
1.25
1.25
1.25
1.25
1.25
1.25
1.25
1.25
1.25
1.25
1.25
1.25
1.25
1.25
1.25
1.25
1.25
1.25
1.25
1.25
1.25
1.25
1.25
1.25
1.25
1.25
1.25
1.25
1.25
1.25
1.25
1.25
1.24458
1.01822
0.953454
0.672242
0.435388
1.25
0.11107
1.25
1.25
1.25
1.25
1.25
1.25
0
1.25
1.25
1.25
1.25
1.25
1.25
1.25
1.25
1.25
1.25
1.25
1.25
1.25
1.25
1.25
1.25
1.25
1.25
1.25
1.25
1.25
1.25
1.25
1.25
1.25
1.25
1.25
1.25
1.25
1.25
1.25
1.25
1.25
1.25
1.25
1.25
1.2471
1.01828
0.953951
0.704925
0.385735
1.25
0.160737
1.25
1.25
1.25
1.25
1.25
1.25
1.25
1.25
0.472477
1.25
1.25
1.25
1.25
1.25
1.25
1.25
1.25
1.25
1.25
1.25
1.25
1.25
1.25
1.25
1.25
1.25
1.25
1.25
1.25
1.25
1.25
1.25
1.25
1.25
1.25
1.25
1.25
1.25
1.25
1.25
1.25
1.25
1.25
1.24979
1.01833
0.955773
0.73202
0.233063
0.947218
0.0168648
1.25
1.25
1.25
1.25
1.25
1.25
0.452074
1.25
1.25
1.25
1.13675
1.25
1.25
1.25
1.25
1.25
1.25
1.25
1.25
1.25
1.25
1.25
1.25
1.25
1.25
1.25
1.25
1.25
1.25
1.25
1.25
1.25
1.25
1.25
1.25
1.25
1.25
1.25
1.25
1.25
1.25
1.25
1.25
1.25
1.01839
0.958618
0.766537
0.0905512
0.872512
0
1.25
1.25
1.25
1.25
1.25
1.25
1.25
1.25
1.22992
1.25
1.25
1.25
1.25
1.25
1.25
1.25
1.25
1.25
1.25
1.25
1.25
1.25
1.25
1.25
1.25
1.25
1.25
1.25
1.25
1.25
1.25
1.25
1.25
1.25
1.25
1.25
1.25
1.25
1.25
1.25
1.25
1.25
1.25
1.25
1.01844
0.962324
0.793782
0
0.719476
0
1.25
1.25
1.25
1.25
1.25
1.25
0.905254
1.25
1.25
1.25
1.25
1.25
1.25
1.25
1.25
1.25
1.25
1.25
1.25
1.25
1.25
1.25
1.25
1.25
1.25
1.25
1.25
1.25
1.25
1.25
1.25
1.25
1.25
1.25
1.25
1.25
1.25
1.25
1.25
1.25
1.25
1.25
1.25
1.25
1.0185
0.968834
0.82114
0
0.459246
0
1.25
1.25
1.25
1.25
0.863517
1.25
1.25
1.25
1.25
1.25
1.25
1.25
1.25
1.25
1.25
1.25
1.25
1.25
1.25
1.25
1.25
1.25
1.25
1.25
1.25
1.25
1.25
1.25
1.25
1.25
1.25
1.25
1.25
1.25
1.25
1.25
1.25
1.25
1.25
1.25
1.25
1.25
1.25
1.25
1.01855
0.977059
0.854915
0
0.0289036
0
1.25
1.09149
1.25
1.25
1.25
1.25
1.25
1.25
1.25
1.25
1.25
1.25
1.25
1.25
1.25
1.25
1.25
1.25
1.25
1.25
1.25
1.25
1.25
1.25
1.25
1.25
1.25
1.25
1.25
1.25
1.25
1.25
1.25
1.25
1.25
1.25
1.25
1.25
1.25
1.25
1.25
1.25
1.25
1.25
1.01863
0.990482
0.887704
0.0473505
0
0
1.25
1.12097
1.25
1.25
1.25
1.25
1.25
1.25
1.25
1.25
1.25
1.25
1.25
1.25
1.25
1.25
1.25
1.25
1.25
1.25
1.25
1.25
1.25
1.25
1.25
1.25
1.25
1.25
1.25
1.25
1.25
1.25
1.25
1.25
1.25
1.25
1.25
1.25
1.25
1.25
1.25
1.25
1.25
1.25
1.01871
0.991825
0.908708
0.236517
0
0.0146078
1.25
1.15584
1.25
1.25
1.25
1.25
1.25
1.25
1.25
1.25
1.25
1.25
1.25
1.25
1.25
1.25
1.25
1.25
1.25
1.25
1.25
1.25
1.25
1.25
1.25
1.25
1.25
1.25
1.25
1.25
1.25
1.25
1.25
1.25
1.25
1.25
1.25
1.25
1.25
1.25
1.25
1.25
1.25
1.25
1.01883
0.945037
0.901049
0.351042
0
0.470807
1.25
1.25
1.25
1.25
1.25
1.25
1.25
1.25
1.25
1.25
1.25
1.25
1.25
1.25
1.25
1.25
1.25
1.25
1.25
1.25
1.25
1.25
1.25
1.25
1.25
1.25
1.25
1.25
1.25
1.25
1.25
1.25
1.25
1.25
1.25
1.25
1.25
1.25
1.25
1.25
1.25
1.25
1.25
1.25
1.01899
0.91672
0.89719
0.529942
0
0.53147
1.25
1.25
1.25
1.25
1.25
1.25
1.25
1.25
1.25
1.25
1.25
1.25
1.25
1.25
1.25
1.25
1.25
1.25
1.25
1.25
1.25
1.25
1.25
1.25
1.25
1.25
1.25
1.25
1.25
1.25
1.25
1.25
1.25
1.25
1.25
1.25
1.25
1.25
1.25
1.25
1.25
1.25
1.25
1.25
1.01922
0.972982
0.913194
0.651192
0
0.46647
1.25
1.25
1.25
1.25
1.25
1.25
1.25
1.25
1.25
1.25
1.25
1.25
1.25
1.25
1.25
1.25
1.25
1.25
1.25
1.25
1.25
1.25
1.25
1.25
1.25
1.25
1.25
1.25
1.25
1.25
1.25
1.25
1.25
1.25
1.25
1.25
1.25
1.25
1.25
1.25
1.25
1.25
1.25
1.25
1.01958
0.970115
0.922867
0.743412
0.224638
0.0223655
1.25
1.25
1.25
1.25
1.25
1.25
1.25
1.25
1.25
1.25
1.25
1.25
1.25
1.25
1.25
1.25
1.25
1.25
1.25
1.25
1.25
1.25
1.25
1.25
1.25
1.25
1.25
1.25
1.25
1.25
1.25
1.25
1.25
1.25
1.25
1.25
1.25
1.25
1.25
1.25
1.25
1.25
1.25
1.25
1.01993
0.904845
0.926421
0.790443
0.394021
0
0.946479
1.25
1.25
1.25
1.25
1.25
1.25
1.25
1.25
1.25
1.25
1.25
1.25
1.25
1.25
1.25
1.25
1.25
1.25
1.25
1.25
1.25
1.25
1.25
1.25
1.25
1.25
1.25
1.25
1.25
1.25
1.25
1.25
1.25
1.25
1.25
1.25
1.25
1.25
1.25
1.25
1.25
1.25
1.25
1.02025
0.949337
0.945881
0.832452
0.580321
0
0.413637
1.20432
1.25
1.25
1.25
1.25
1.25
1.25
1.25
1.25
1.25
1.25
1.25
1.25
1.25
1.25
1.25
1.25
1.25
1.25
1.25
1.25
1.25
1.25
1.25
1.25
1.25
1.25
1.25
1.25
1.25
1.25
1.25
1.25
1.25
1.25
1.25
1.25
1.25
1.25
1.25
1.25
1.25
1.25
1.02068
1.25
1.01848
0.828004
0.749007
0
0
0.616993
1.25
1.25
1.25
1.25
1.25
1.25
1.25
1.25
1.25
1.25
1.25
1.25
1.25
1.25
1.25
1.25
1.25
1.25
1.25
1.25
1.25
1.25
1.25
1.25
1.25
1.25
1.25
1.25
1.25
1.25
1.25
1.25
1.25
1.25
1.25
1.25
1.25
1.25
1.25
1.25
1.25
1.25
1.02095
0
0.947673
0.862588
0.792419
0.234663
0
0.681565
1.25
1.25
1.25
1.25
1.25
1.25
1.25
1.25
1.25
1.25
1.25
1.25
1.25
1.25
1.25
1.25
1.25
1.25
1.25
1.25
1.25
1.25
1.25
1.25
1.25
1.25
1.25
1.25
1.25
1.25
1.25
1.25
1.25
1.25
1.25
1.25
1.25
1.25
1.25
1.25
1.25
1.25
1.02098
0.581638
0.872689
0.960288
0.82374
0.459581
0
0.259789
1.16949
1.25
1.25
1.25
1.25
1.25
1.25
1.25
1.25
1.25
1.25
1.25
1.25
1.25
1.25
1.25
1.25
1.25
1.25
1.25
1.25
1.25
1.25
1.25
1.25
1.25
1.25
1.25
1.25
1.25
1.25
1.25
1.25
1.25
1.25
1.25
1.25
1.25
1.25
1.25
1.25
1.25
1.02099
0.881849
0.940635
0.977468
0.828586
0.660985
0.0242226
0
0.75697
1.25
1.25
1.25
1.25
1.25
1.25
1.25
1.25
1.25
1.25
1.25
1.25
1.25
1.25
1.25
1.25
1.25
1.25
1.25
1.25
1.25
1.25
1.25
1.25
1.25
1.25
1.25
1.25
1.25
1.25
1.25
1.25
1.25
1.25
1.25
1.25
1.25
1.25
1.25
1.25
1.25
1.02099
0.991052
1.06187
1.00276
0.854729
0.767183
0.299315
0
0.481371
1.10355
1.25
1.25
1.25
1.16991
1.25
1.25
1.25
1.25
1.25
1.25
1.25
1.25
1.25
1.25
1.25
1.25
1.25
1.25
1.25
1.25
1.25
1.25
1.25
1.25
1.25
1.25
1.25
1.25
1.25
1.25
1.25
1.25
1.25
1.25
1.25
1.25
1.25
1.25
1.25
1.25
1.02098
0.97167
1.19184
0.935157
0.926787
0.80661
0.493347
0
0
0.761296
1.25
1.25
1.25
1.25
1.25
1.25
1.25
1.25
1.25
1.25
1.25
1.25
1.25
1.25
1.25
1.25
1.25
1.25
1.25
1.25
1.25
1.25
1.25
1.25
1.25
1.25
1.25
1.25
1.25
1.25
1.25
1.25
1.25
1.25
1.25
1.25
1.25
1.25
1.25
1.25
1.02097
0.947386
1.18591
0.928018
0.957098
0.816565
0.670884
0.14459
0
0.479395
1.25
1.25
1.25
1.25
1.25
1.25
1.25
1.25
1.25
1.25
1.25
1.25
1.25
1.25
1.25
1.25
1.25
1.25
1.25
1.25
1.25
1.25
1.25
1.25
1.25
1.25
1.25
1.25
1.25
1.25
1.25
1.25
1.25
1.25
1.25
1.25
1.25
1.25
1.25
1.25
1.02095
0.94886
1.02508
1.008
0.970725
0.859303
0.766423
0.375006
0
0.119971
1.25
1.25
1.25
1.25
1.25
1.25
1.25
1.25
1.25
1.25
1.25
1.25
1.25
1.25
1.25
1.25
1.25
1.25
1.25
1.25
1.25
1.25
1.25
1.25
1.25
1.25
1.25
1.25
1.25
1.25
1.25
1.25
1.25
1.25
1.25
1.25
1.25
1.25
1.25
1.25
1.02094
0.94526
0.961606
1.09833
0.949754
0.90426
0.813934
0.53929
0
0
0.776667
1.25
1.25
1.25
1.25
1.25
1.25
1.25
1.25
1.25
1.25
1.25
1.25
1.25
1.25
1.25
1.25
1.25
1.25
1.25
1.25
1.25
1.25
1.25
1.25
1.25
1.25
1.25
1.25
1.25
1.25
1.25
1.25
1.25
1.25
1.25
1.25
1.25
1.25
1.25
1.02091
0.945276
1.06029
1.13088
0.929972
0.948723
0.840451
0.689579
0.271875
0
0.346627
1.20116
1.25
1.25
1.25
1.25
1.25
1.25
1.25
1.25
1.25
1.25
1.25
1.25
1.25
1.25
1.25
1.25
1.25
1.25
1.25
1.25
1.25
1.25
1.25
1.25
1.25
1.25
1.25
1.25
1.25
1.25
1.25
1.25
1.25
1.25
1.25
1.25
1.25
1.25
1.02089
0.939226
1.16171
1.08274
0.984469
0.952944
0.864762
0.784816
0.453902
0
0
0.856649
1.25
1.25
1.25
1.25
1.25
1.25
1.25
1.25
1.25
1.25
1.25
1.25
1.25
1.25
1.25
1.25
1.25
1.25
1.25
1.25
1.25
1.25
1.25
1.25
1.25
1.25
1.25
1.25
1.25
1.25
1.25
1.25
1.25
1.25
1.25
1.25
1.25
1.25
1.02087
0.940404
1.182
1.03661
1.04998
0.9468
0.902296
0.82748
0.590678
0.144215
0
0.517811
1.25
1.25
1.25
1.25
1.25
1.25
1.25
1.25
1.25
1.25
1.25
1.25
1.25
1.25
1.25
1.25
1.25
1.25
1.25
1.25
1.25
1.25
1.25
1.25
1.25
1.25
1.25
1.25
1.25
1.25
1.25
1.25
1.25
1.25
1.25
1.25
1.25
1.25
1.02085
0.940066
1.18233
1.04217
1.0727
0.949245
0.917367
0.858178
0.711074
0.368196
0
0.0903402
1.25
1.25
1.25
1.25
1.25
1.25
1.25
1.25
1.25
1.25
1.25
1.25
1.25
1.25
1.25
1.25
1.25
1.25
1.25
1.25
1.25
1.25
1.25
1.25
1.25
1.25
1.25
1.25
1.25
1.25
1.25
1.25
1.25
1.25
1.25
1.25
1.25
1.25
1.02082
0.940678
1.21779
1.09744
1.07428
0.96114
0.939742
0.880436
0.792302
0.520766
0
0
0.845096
1.25
1.25
1.25
1.25
1.25
1.25
1.25
1.25
1.25
1.25
1.25
1.25
1.25
1.25
1.25
1.25
1.25
1.25
1.25
1.25
1.25
1.25
1.25
1.25
1.25
1.25
1.25
1.25
1.25
1.25
1.25
1.25
1.25
1.25
1.25
1.25
1.25
1.02079
0.940683
1.25
1.15249
1.0613
0.993998
0.958751
0.894926
0.836914
0.638446
0.251056
0
0.355223
1.25
1.25
1.25
1.25
1.25
1.25
1.25
1.25
1.25
1.25
1.25
1.25
1.25
1.25
1.25
1.25
1.25
1.25
1.25
1.25
1.25
1.25
1.25
1.25
1.25
1.25
1.25
1.25
1.25
1.25
1.25
1.25
1.25
1.25
1.25
1.25
1.25
1.02075
0.94227
1.25
1.19091
1.05599
1.02276
0.956115
0.907888
0.867842
0.73192
0.435144
0
0
1.24221
1.25
1.25
1.25
1.25
1.25
1.25
1.25
1.25
1.25
1.25
1.25
1.25
1.25
1.25
1.25
1.25
1.25
1.25
1.25
1.25
1.25
1.25
1.25
1.25
1.25
1.25
1.25
1.25
1.25
1.25
1.25
1.25
1.25
1.25
1.25
1.25
1.02072
0.945536
1.25
1.21247
1.06174
1.02802
0.962543
0.923924
0.885054
0.798074
0.56584
0.0785432
0
0.760991
1.25
1.25
1.25
1.25
1.25
1.25
1.25
1.25
1.25
1.25
1.25
1.25
1.25
1.25
1.25
1.25
1.25
1.25
1.25
1.25
1.25
1.25
1.25
1.25
1.25
1.25
1.25
1.25
1.25
1.25
1.25
1.25
1.25
1.25
1.25
1.25
1.02061
0.949709
1.25
1.21593
1.07272
1.0229
0.96835
0.941774
0.895548
0.839069
0.66906
0.307097
0
0.253351
1.25
1.25
1.25
1.25
1.25
1.25
1.25
1.25
1.25
1.25
1.25
1.25
1.25
1.25
1.25
1.25
1.25
1.25
1.25
1.25
1.25
1.25
1.25
1.25
1.25
1.25
1.25
1.25
1.25
1.25
1.25
1.25
1.25
1.25
1.25
1.25
1.02045
0.95416
1.25
1.21573
1.09377
1.0249
0.98649
0.952288
0.906429
0.867145
0.750696
0.469662
0
0
1.25
1.25
1.25
1.25
1.25
1.25
1.25
1.25
1.25
1.25
1.25
1.25
1.25
1.25
1.25
1.25
1.25
1.25
1.25
1.25
1.25
1.25
1.25
1.25
1.25
1.25
1.25
1.25
1.25
1.25
1.25
1.25
1.25
1.25
1.25
1.25
1.02019
0.959104
1.25
1.21799
1.1226
1.03911
1.00523
0.95754
0.922024
0.881322
0.805493
0.584955
0.157275
0
0.770523
1.25
1.25
1.25
1.25
1.25
1.25
1.25
1.25
1.25
1.25
1.25
1.25
1.25
1.25
1.25
1.25
1.25
1.25
1.25
1.25
1.25
1.25
1.25
1.25
1.25
1.25
1.25
1.25
1.25
1.25
1.25
1.25
1.25
1.25
1.25
1.01975
0.964889
1.25
1.2208
1.14193
1.05351
1.01095
0.959932
0.936504
0.886291
0.841972
0.678261
0.351642
0
0.296156
1.25
1.25
1.25
1.25
1.25
1.25
1.25
1.25
1.25
1.25
1.25
1.25
1.25
1.25
1.25
1.25
1.25
1.25
1.25
1.25
1.25
1.25
1.25
1.25
1.25
1.25
1.25
1.25
1.25
1.25
1.25
1.25
1.25
1.25
1.25
1.01902
0.971198
1.25
1.20699
1.15116
1.05857
1.00621
0.964835
0.948126
0.896718
0.872967
0.757936
0.50066
0
0
1.25
1.25
1.25
1.25
1.25
1.25
1.25
1.25
1.25
1.25
1.25
1.25
1.25
1.25
1.25
1.25
1.25
1.25
1.25
1.25
1.25
1.25
1.25
1.25
1.25
1.25
1.25
1.25
1.25
1.25
1.25
1.25
1.25
1.25
1.25
1.01769
0.979393
1.25
1.18543
1.1515
1.06047
1.00811
0.980284
0.956169
0.925149
0.888367
0.812563
0.610536
0.186966
0
0.904604
1.25
1.25
1.25
1.25
1.25
1.25
1.25
1.25
1.25
1.25
1.25
1.25
1.25
1.25
1.25
1.25
1.25
1.25
1.25
1.25
1.25
1.25
1.25
1.25
1.25
1.25
1.25
1.25
1.25
1.25
1.25
1.25
1.25
1.25
1.01555
0.979684
0
1.25
0
1.25
0
1.25
1.25
0
1.25
1.25
0
0
0
1.25
1.25
1.25
1.25
1.25
1.25
0
0
0
1.25
0
0
0
0
0
0
0
0
0
0
1.25
1.25
1.25
1.25
1.25
1.25
1.25
1.25
1.25
1.25
1.25
1.24424
1.18779
1.12881
1.06902
1.02589
0.971889
0
1.25
0
1.25
0
1.25
1.25
0
0
0
0
1.25
0
0
0
1.25
1.25
1.25
0
1.25
1.25
0
0
0
0
0
0
0
0
0
0
0
0
1.25
1.25
1.25
1.25
1.25
1.25
1.25
1.25
1.25
1.25
1.25
1.2466
1.18471
1.12473
1.06537
1.02903
0.96634
0
1.25
0
1.25
0
1.25
1.25
0
0
0
1.25
0
0
1.25
0
0
0
0
0
1.25
1.25
1.25
0
1.25
1.25
1.25
1.25
0
0
0
0
0
0
1.25
1.25
1.25
1.25
1.25
1.25
1.25
1.25
1.25
1.25
1.25
1.22718
1.16884
1.11283
1.05729
1.03077
0.964076
0
1.25
0
1.25
0
1.25
1.25
0
0
0
1.25
1.25
0
0
0
1.25
1.25
0
1.25
0
0
0
1.25
1.25
1.25
0
0
0
0
0
0
0
0
1.25
1.25
1.25
1.25
1.25
1.25
1.25
1.25
1.25
1.25
1.25
1.21559
1.15634
1.10131
1.04786
1.03126
0.962505
0
1.25
0
1.25
0
1.25
1.25
0
0
0
1.25
0
0
1.25
0
0
0
0
0
0
1.25
1.25
0
1.25
1.25
1.25
1.25
0
0
0
0
0
0
1.25
1.25
1.25
1.25
1.25
1.25
1.25
1.25
1.25
1.25
1.25
1.2045
1.14325
1.09086
1.03421
1.02519
0.96086
0
1.25
0
1.25
0
0
1.25
0
0
0
1.25
1.25
0
0
0
1.25
1.25
0
1.25
0
0
0
1.25
1.25
0
1.25
0
0
0
0
0
0
0
1.25
1.25
1.25
1.25
1.25
1.25
1.25
1.25
1.25
1.25
1.24449
1.19243
1.12871
1.08112
1.02231
1.0082
0.960002
0
1.25
0
1.25
0
0
1.25
0
0
0
1.25
0
0
1.25
0
0
0
0
0
0
1.25
1.25
0
1.25
1.25
1.25
1.25
1.25
0
0
0
0
0
1.25
1.25
1.25
1.25
1.25
1.25
1.25
1.25
1.25
1.25
1.23326
1.18008
1.11597
1.07193
1.01181
1.00043
0.958856
0.0614362
1.25
0
1.25
0
0
1.25
0
0
0
1.25
1.25
1.25
0
0
1.25
1.25
0
1.25
1.25
0
0
1.25
1.25
0
1.25
1.25
0
0
0
0
0
0
1.25
1.25
1.25
1.25
1.25
1.25
1.25
1.25
1.25
1.25
1.22365
1.16996
1.10879
1.06475
1.01602
1.01214
0.958563
0
1.25
0
1.25
0
0
1.25
0
0
0
1.25
0
0
1.25
1.25
0
0
0
0
0
1.25
1.25
1.25
1.25
1.25
1.25
1.25
1.25
1.25
0
0
0
0
1.25
1.25
1.25
1.25
1.25
1.25
1.25
1.25
1.25
1.25
1.21585
1.16064
1.10418
1.05791
1.01842
1.03065
0.957872
0.27653
1.25
0
1.25
0
0
1.25
0
0
0
1.25
0
1.25
0
0
1.25
1.25
0
1.25
1.25
0
0
1.25
1.25
1.25
1.25
1.25
0
1.25
0
1.25
0
0
1.25
1.25
1.25
1.25
1.25
1.25
1.25
1.25
1.25
1.25
1.2083
1.15048
1.09835
1.05153
1.01816
1.04443
0.954771
0
1.25
0
1.25
0
0
1.25
0
0
0
0
0
0
0
1.25
0
0
0
0
0
1.25
1.25
1.25
1.25
1.25
1.25
1.25
1.25
1.25
0
0
1.25
1.25
0.997218
1.25
1.25
1.25
1.25
1.25
1.25
1.25
1.25
1.24923
1.19965
1.14018
1.08997
1.04568
1.01695
1.04001
0.954388
0
1.25
0
1.25
0
0
1.25
0
0
0
1.25
0
0
0
0
0
1.25
1.25
1.25
1.25
0
0
1.25
1.25
1.25
1.25
1.25
1.25
1.25
0
0
0
1.25
1.25
1.25
1.25
1.25
1.25
1.25
1.25
1.25
1.25
1.24143
1.1899
1.1301
1.08119
1.04033
1.01596
1.03283
0.953957
0.0690817
1.25
0
1.25
0
0
1.25
0
0
0
0
0
1.25
0
1.25
0
0
0
0
0
1.25
1.25
1.25
1.25
1.25
1.25
1.25
1.25
1.25
1.25
0
0
1.25
1.25
1.25
1.25
1.25
1.25
1.25
1.25
1.25
1.25
1.2334
1.17984
1.12044
1.07281
1.03337
1.01446
1.02036
0.953727
0.0726436
1.25
0
1.25
0
0
1.25
0
0
0
1.25
0
0
0
0
0
1.25
1.25
1.25
1.25
0
0
0
1.25
1.25
0
1.25
1.25
1.25
1.25
0
0
1.25
1.25
1.25
1.25
1.25
1.25
1.25
1.25
1.25
1.25
1.22559
1.16998
1.1116
1.06516
1.02951
1.01181
0.997242
0.95345
0.224688
1.25
0
1.25
0
0
1.25
0
0
0
0
0
1.25
0
1.25
0
0
0
0
0
1.25
1.25
1.25
1.25
1.25
1.25
1.25
1.25
1.25
1.25
1.25
1.25
1.25
1.25
1.25
1.25
1.25
1.25
1.25
1.25
1.25
1.25
1.219
1.16159
1.10414
1.05943
1.02732
1.00833
0.963714
0.953309
0.217883
1.25
0
1.25
0
0
1.25
0
0
0
1.25
0
0
0
1.25
0
1.25
1.25
1.25
1.25
1.25
0
0
1.25
1.25
0
1.25
1.25
1.25
1.25
0
1.25
1.25
1.25
1.25
1.25
1.25
1.25
1.25
1.25
1.25
1.25
1.2137
1.15534
1.09895
1.05555
1.02935
1.00779
0.935848
0.953131
0.354341
1.25
0
1.25
0
0
1.25
0
0
0
0
0
1.25
0
0
0
0
0
0
0
1.25
1.25
1.25
1.25
1.25
1.25
1.25
1.25
1.25
1.25
0
1.25
1.25
1.25
1.25
1.25
1.25
1.25
1.25
1.25
1.25
1.25
1.21027
1.1516
1.09767
1.05604
1.03677
1.01277
0.979095
0.952977
0.325297
1.25
0
1.25
0
0
1.25
0
0
0
0
0
0
0
1.25
0
1.25
1.25
1.25
1.25
1.25
0
0
1.25
1.25
1.25
0
1.25
1.25
1.25
0
1.01872
1.25
1.25
1.25
1.25
1.25
1.25
1.25
1.25
1.25
1.25
1.20869
1.14944
1.09763
1.0598
1.04463
1.02462
1.00383
0.95332
0.431131
1.25
0
1.25
0
0
1.25
0
0
0
0
0
1.25
0
0
0
0
0
0
0
0
1.25
1.25
1.25
1.25
1.25
1.25
1.25
0
0
1.25
1.25
1.25
1.25
1.25
1.25
1.25
1.25
1.25
1.25
1.25
1.25
1.20517
1.14631
1.0967
1.06567
1.04914
1.03443
1.0111
0.952597
0.350913
1.25
1.25
0.250097
0
0
1.25
0
0
0
0
0
0
0
1.25
0
1.25
1.25
1.25
1.25
1.25
0
0
1.25
1.25
1.25
0
1.25
1.25
1.25
1.25
1.25
1.25
1.25
1.25
1.25
1.25
1.25
1.25
1.25
1.25
1.25
1.20095
1.14298
1.09659
1.07196
1.055
1.03943
1.01226
0.953659
0.419325
1.25
0
0
0
0
1.25
0
0
0
0
0
0
0
0
1.25
0
0
1.25
0
0
1.25
1.25
1.25
1.25
1.25
1.25
1.25
0
1.25
0.269553
1.25
1.25
1.25
1.25
1.25
1.25
1.25
1.25
1.25
1.25
1.25
1.1952
1.13974
1.10013
1.07962
1.06348
1.0465
1.01424
0.953118
0.299284
1.25
0
1.25
0
0
1.25
0
0
0
0
0
0
0
1.25
0
0
1.25
1.25
1.25
1.25
0
0
1.25
1.25
1.25
0
0.545776
1.25
1.25
1.14007
1.25
1.25
1.25
1.25
1.25
1.25
1.25
1.25
1.25
1.25
1.24816
1.19188
1.14112
1.10723
1.08823
1.0733
1.05526
1.01539
0.954148
0.212811
1.25
0
1.25
1.25
0
1.25
0
1.25
0
0
0
0
0
0
1.25
1.25
0
1.25
0
0
1.25
1.25
1.25
1.25
1.25
1.25
1.25
1.25
0
1.25
1.25
1.25
1.25
1.25
1.25
1.25
1.25
1.25
1.25
1.25
1.24428
1.18932
1.14416
1.11713
1.0995
1.08479
1.06463
1.01598
0.953806
0.0520664
1.25
0
1.25
1.25
0
1.25
0
0
0
0
0
0
0
0
0
1.25
1.25
1.25
1.25
1.25
1.25
1.25
1.25
1.25
1.25
1.25
0.862255
1.25
1.25
1.25
1.25
1.25
1.25
1.25
1.25
1.25
1.25
1.25
1.25
1.25
1.24321
1.19306
1.15336
1.13042
1.11447
1.09855
1.07764
1.01621
0.957221
0
0.989213
0
0
1.25
1.25
1.25
1.25
0
1.25
0
0
0
0
0
0
1.25
1.25
0.664925
1.25
1.25
1.25
1.25
0
0.56853
0
0
0
1.25
1.25
1.25
1.25
1.25
1.25
1.25
1.25
1.25
1.25
1.25
1.25
1.25
1.24848
1.20149
1.16867
1.14719
1.132
1.11486
1.09211
1.01642
0.954139
0
0.372849
0.529998
0
1.25
1.25
1.25
1.25
0
1.25
1.25
1.25
1.25
1.25
0
1.25
1.25
0
0
0
0
1.25
1.25
1.25
0.632299
0
1.25
1.25
1.25
1.25
1.25
1.25
1.25
1.25
1.25
1.25
1.25
1.25
1.25
1.25
1.25
1.25
1.21023
1.18408
1.16452
1.14997
1.13155
1.10504
1.01727
0.951878
0
0
1.25
0
1.25
1.25
1.25
1.25
0
1.25
1.25
1.25
1.25
1.25
1.25
0
1.25
1.25
1.25
1.25
0.79526
1.25
1.25
1.19508
1.25
0
1.25
0
1.25
1.25
1.25
1.25
1.25
1.25
1.25
1.25
1.25
1.25
1.25
1.25
1.25
1.25
1.21931
1.1968
1.1796
1.16706
1.14761
1.11719
1.01795
0.950497
0
0
1.25
0
1.25
1.25
1.25
1.25
1.25
1.25
1.25
1.25
1.25
1.25
1.25
1.25
1.25
0.478108
1.25
1.25
1.25
1.25
1.25
1.25
1.25
1.25
1.25
1.25
1.25
1.25
1.25
1.25
1.25
1.25
1.25
1.25
1.25
1.25
1.25
1.25
1.25
1.25
1.23205
1.21122
1.19542
1.18383
1.16271
1.12898
1.01825
0.949549
0
0
1.25
0
1.25
1.25
1.25
1.25
0
1.25
1.25
1.25
1.25
1.25
1.25
1.25
1.25
1.25
1.25
1.25
1.25
1.25
1.25
1.25
1.25
1.25
1.25
1.25
1.25
1.25
1.25
1.25
1.25
1.25
1.25
1.25
1.25
1.25
1.25
1.25
1.25
1.25
1.24535
1.22642
1.21222
1.2007
1.17779
1.14023
1.01856
0.949024
0
0
1.25
0
1.25
1.25
1.25
1.25
0
1.25
1.25
1.25
1.25
1.25
1.25
1.25
1.25
1.25
1.25
0.767108
1.25
1.25
1.25
1.25
1.25
1.25
1.25
1.25
1.25
1.25
1.25
1.25
1.25
1.25
1.25
1.25
1.25
1.25
1.25
1.25
1.25
1.25
1.25
1.24073
1.22804
1.2166
1.19235
1.15059
1.01882
0.948607
0
0
1.25
0
1.25
1.25
1.25
1.25
0
1.25
1.25
1.25
1.25
1.25
1.25
1.25
1.25
1.25
1.25
1.25
1.25
1.25
1.25
1.25
1.25
1.25
1.25
0.0105077
1.25
1.25
1.25
1.25
1.25
1.25
1.25
1.25
1.25
1.25
1.25
1.25
1.25
1.25
1.25
1.25
1.24258
1.23146
1.20572
1.15939
1.01901
0.947384
0.0223815
0
1.25
0
1.25
1.25
1.25
1.25
0
1.25
1.25
1.25
1.25
1.25
1.25
1.25
1.25
1.25
1.25
1.20487
1.25
1.25
1.25
1.25
1.25
1.25
1.25
1.25
1.25
1.25
1.25
1.25
1.25
1.25
1.25
1.25
1.25
1.25
1.25
1.25
1.25
1.25
1.25
1.25
1.25
1.24565
1.21815
1.16714
1.01912
0.948938
0.0464152
0
1.25
0
1.25
1.25
1.25
1.25
0
1.25
1.25
1.25
1.25
1.25
1.25
1.25
1.25
1.25
1.25
1.25
1.25
1.25
1.25
1.25
1.25
1.25
1.25
0.0218147
1.25
1.25
1.25
1.25
1.25
1.25
1.25
1.25
1.25
1.25
1.25
1.25
1.25
1.25
1.25
1.25
1.25
1.25
1.22976
1.17404
1.0192
0.947967
0.0698841
0
1.25
0
1.25
1.25
1.25
1.25
0
1.25
1.25
1.25
1.25
1.25
1.25
1.25
1.25
1.25
1.25
1.25
1.25
1.25
1.25
1.25
1.25
1.25
1.25
1.25
1.25
1.25
1.25
1.25
1.25
1.25
1.25
1.25
1.25
1.25
1.25
1.25
1.25
1.25
1.25
1.25
1.25
1.25
1.24051
1.18014
1.01927
0.949119
0.0899161
0
1.25
0
1.25
1.25
1.25
1.25
0
1.25
1.25
1.25
1.25
1.25
1.25
1.25
1.25
1.25
1.25
1.25
1.25
1.25
1.25
1.25
1.25
1.25
1.25
0.490335
1.25
1.25
1.25
1.25
1.25
1.25
1.25
1.25
1.25
1.25
1.25
1.25
1.25
1.25
1.25
1.25
1.25
1.25
1.25
1.18549
1.01933
0.948352
0.108297
0
1.25
0
1.25
1.25
1.25
1.25
1.25
1.25
1.25
1.25
1.25
1.25
1.25
1.25
1.25
1.25
1.25
1.25
1.25
1.25
1.25
1.25
1.25
1.25
1.25
1.25
1.25
1.25
1.25
1.25
1.25
1.25
1.25
1.25
1.25
1.25
1.25
1.25
1.25
1.25
1.25
1.25
1.25
1.25
1.25
1.19013
1.01938
0.949479
0.124703
0
1.25
0
1.25
1.25
1.25
1.25
0
1.25
1.25
1.25
1.25
1.25
1.25
1.25
1.25
1.25
1.25
1.25
1.25
1.25
1.25
1.25
1.25
1.25
1.25
0.985123
1.25
1.25
1.25
1.25
1.25
1.25
1.25
1.25
1.25
1.25
1.25
1.25
1.25
1.25
1.25
1.25
1.25
1.25
1.25
1.19415
1.01943
0.948834
0.139785
0
1.25
0
1.25
1.25
1.25
1.25
1.25
1.25
1.25
1.25
1.25
1.25
1.25
1.25
1.25
1.25
1.25
1.25
1.25
1.25
1.25
1.25
1.25
1.25
1.25
1.25
1.25
1.25
1.25
1.25
1.25
1.25
1.25
1.25
1.25
1.25
1.25
1.25
1.25
1.25
1.25
1.25
1.25
1.25
1.25
1.19766
1.01948
0.949831
0.154077
0
1.25
0
1.25
1.25
1.25
1.25
1.25
1.25
1.25
1.25
1.25
1.25
1.25
1.25
1.25
1.25
1.25
1.25
1.25
1.25
1.25
1.25
1.25
1.25
1.25
1.25
1.25
1.25
1.25
1.25
1.25
1.25
1.25
1.25
1.25
1.25
1.25
1.25
1.25
1.25
1.25
1.25
1.25
1.25
1.25
1.20073
1.01953
0.949262
0.167839
0
1.25
0
1.25
1.25
1.25
1.25
1.25
1.25
1.25
1.25
1.25
1.25
1.25
1.25
1.25
1.25
1.25
1.25
1.25
1.25
1.25
1.25
1.25
1.25
1.25
1.25
1.25
1.25
1.25
1.25
1.25
1.25
1.25
1.25
1.25
1.25
1.25
1.25
1.25
1.25
1.25
1.25
1.25
1.25
1.25
1.20341
1.01957
0.95007
0.181422
0
1.25
0
1.25
1.25
1.25
1.25
1.25
1.25
1.25
1.25
1.25
1.25
1.25
1.25
1.25
1.25
1.25
1.25
1.25
1.25
1.25
1.25
1.25
1.25
1.25
1.25
1.25
1.25
1.25
1.25
1.25
1.25
1.25
1.25
1.25
1.25
1.25
1.25
1.25
1.25
1.25
1.25
1.25
1.25
1.25
1.20576
1.01962
0.949561
0.19546
0
1.25
0
1.25
1.25
1.25
1.25
1.25
1.25
1.25
1.25
1.25
1.25
1.25
1.25
1.25
1.25
1.25
1.25
1.25
1.25
1.25
1.25
1.25
1.25
1.25
1.25
1.25
1.25
1.25
1.25
1.25
1.25
1.25
1.25
1.25
1.25
1.25
1.25
1.25
1.25
1.25
1.25
1.25
1.25
1.25
1.20782
1.01967
0.950162
0.209637
0
1.25
0
1.25
1.25
1.25
1.25
1.25
1.25
1.25
1.25
1.25
1.25
1.25
1.25
1.25
1.25
1.25
1.25
1.25
1.25
1.25
1.25
1.25
1.25
1.25
1.25
1.25
1.25
1.25
1.25
1.25
1.25
1.25
1.25
1.25
1.25
1.25
1.25
1.25
1.25
1.25
1.25
1.25
1.25
1.25
1.20961
1.01972
0.949717
0.22498
0.0352041
1.25
0
1.25
1.25
1.25
1.25
1.25
1.25
1.25
1.25
1.25
1.25
1.25
1.25
1.25
1.25
1.25
1.25
1.25
1.25
1.25
1.25
1.25
1.25
1.25
1.25
1.25
1.25
1.25
1.25
1.25
1.25
1.25
1.25
1.25
1.25
1.25
1.25
1.25
1.25
1.25
1.25
1.25
1.25
1.25
1.21116
1.01977
0.950119
0.240325
0
1.25
0
1.25
1.25
1.25
1.25
1.25
1.25
1.25
1.25
1.25
1.25
1.25
1.25
1.25
1.25
1.25
1.25
1.25
1.25
1.25
1.25
1.25
1.25
1.25
1.25
1.25
1.25
1.25
1.25
1.25
1.25
1.25
1.25
1.25
1.25
1.25
1.25
1.25
1.25
1.25
1.25
1.25
1.25
1.25
1.21247
1.01981
0.949762
0.257517
0.222691
1.25
0
1.25
1.25
1.25
1.25
1.25
1.25
1.25
1.25
1.25
1.25
1.25
1.25
1.25
1.25
1.25
1.25
1.25
1.25
1.25
1.25
1.25
1.25
1.25
1.25
1.25
1.25
1.25
1.25
1.25
1.25
1.25
1.25
1.25
1.25
1.25
1.25
1.25
1.25
1.25
1.25
1.25
1.25
1.25
1.21357
1.01986
0.950003
0.274213
0
1.25
0
1.25
1.25
1.25
1.25
1.25
1.25
1.25
1.25
1.25
1.25
1.25
1.25
1.25
1.25
1.25
1.25
1.25
1.25
1.25
1.25
1.25
1.25
1.25
1.25
1.25
1.25
1.25
1.25
1.25
1.25
1.25
1.25
1.25
1.25
1.25
1.25
1.25
1.25
1.25
1.25
1.25
1.25
1.25
1.21443
1.01988
0.949799
0.293026
0.358193
1.25
0
1.25
1.25
1.25
1.25
1.25
1.25
1.25
1.25
1.25
1.25
1.25
1.25
1.25
1.25
1.25
1.25
1.25
1.25
1.25
1.25
1.25
1.25
1.25
1.25
1.25
1.25
1.25
1.25
1.25
1.25
1.25
1.25
1.25
1.25
1.25
1.25
1.25
1.25
1.25
1.25
1.25
1.25
1.25
1.21509
1.01987
0.949988
0.310815
0
1.25
0
1.25
1.25
1.25
1.25
1.25
1.25
1.25
1.25
1.25
1.25
1.25
1.25
1.25
1.25
1.25
1.25
1.25
1.25
1.25
1.25
1.25
1.25
1.25
1.25
1.25
1.25
1.25
1.25
1.25
1.25
1.25
1.25
1.25
1.25
1.25
1.25
1.25
1.25
1.25
1.25
1.25
1.25
1.25
1.21578
1.01979
0.950075
0.332304
0.534628
1.25
0
1.25
1.25
1.25
1.25
1.25
1.25
1.25
1.25
1.25
1.25
1.25
1.25
1.25
1.25
1.25
1.25
1.25
1.25
1.25
1.25
1.25
1.25
1.25
1.25
1.25
1.25
1.25
1.25
1.25
1.25
1.25
1.25
1.25
1.25
1.25
1.25
1.25
1.25
1.25
1.25
1.25
1.25
1.25
1.21711
1.01962
)
;

boundaryField
{
    outlet
    {
        type            calculated;
        value           nonuniform List<scalar> 
50
(
0.99975
1.00129
1.00112
0.999937
0.999456
0.99893
0.99768
0.996859
0.996419
0.996083
0.995912
0.99593
0.996127
0.99648
0.996951
0.9975
0.99809
0.998681
0.99919
0.999575
0.999834
0.99997
0.999988
0.999805
0.999342
0.998576
0.997425
0.995714
0.993313
0.989446
0.988383
1.01112
1.00974
1.00539
1.00462
1.00234
1.00202
1.00158
1.00117
1.00085
1.00061
1.00041
1.00025
1.00014
1.00007
1.00012
1.00009
1.00111
0.99925
1.00037
)
;
    }
    inlet
    {
        type            calculated;
        value           nonuniform List<scalar> 
50
(
1.00035
0.925806
0.972894
1.25
1.25
0.0155197
1.25
1.25
0
0
0
0
0
0
0
0
0
0
0
0
0
0
0
0
0
1.25
1.25
1.25
1.25
1.25
1.25
1.25
1.25
1.25
1.25
1.25
1.25
1.25
1.25
1.25
1.25
1.25
1.25
1.25
1.01595
0
0
1.25
1.13178
1.00137
)
;
    }
    upInnerTurnWalls
    {
        type            calculated;
        value           nonuniform List<scalar> 
50
(
0.985271
0.980077
0.976381
0.974954
0.974115
0.973293
0.973019
0.972656
0.972856
0.972954
0.971456
0.971693
0.972053
0.972506
0.973095
0.973726
0.974519
0.975917
0.976425
0.976962
0.978707
0.9794
0.981083
0.981798
0.98431
0.983186
0.982058
0.981115
0.98037
0.979627
0.979031
0.977275
0.978283
0.977221
0.977639
0.976766
0.977253
0.976527
0.977001
0.976378
0.976771
0.976217
0.976488
0.975978
0.976106
0.975636
0.975625
0.975223
0.975139
0.974903
)
;
    }
    downInnerTurnWalls
    {
        type            calculated;
        value           nonuniform List<scalar> 
50
(
0.974804
0.974632
0.974326
0.974053
0.9735
0.973186
0.972659
0.971862
0.972256
0.970433
0.971068
0.969207
0.969571
0.968659
0.968742
0.969539
0.970933
0.974639
0.980648
0.992719
0.99742
0.946804
0.891088
1.06341
1.08772
1.25
1.25
1.12447
0.709149
0.86064
0.943587
1.00829
0.994248
0.973654
0.97298
0.972224
0.971154
0.967281
0.967049
0.966418
0.966359
0.966152
0.96681
0.9686
0.970775
0.973084
0.975615
0.978627
0.982008
0.986822
)
;
    }
    downOuterTurnWalls
    {
        type            calculated;
        value           nonuniform List<scalar> 
50
(
1.01362
1.01335
1.01314
1.01298
1.01288
1.01283
1.01282
1.01282
1.01285
1.0129
1.01295
1.013
1.01307
1.01313
1.0132
1.01327
1.01334
1.01342
1.01351
1.01361
1.01374
1.01391
1.01413
1.01445
1.01481
1.01514
1.01545
1.01562
1.01564
1.01562
1.01559
1.01554
1.0155
1.01544
1.01539
1.01532
1.01526
1.01519
1.01513
1.01506
1.015
1.01493
1.01486
1.01474
1.01457
1.01435
1.01401
1.01345
1.01252
1.01104
)
;
    }
    upOuterTurnWalls
    {
        type            calculated;
        value           nonuniform List<scalar> 
50
(
1.0213
1.02534
1.02907
1.03298
1.03292
1.01894
1.00761
1.0335
1.09274
1.25
1.25
1.25
1.25
1.18299
1.10034
1.08007
1.12788
1.10478
1.02135
1.01433
1.01395
1.01374
1.01351
1.01344
1.0136
1.01403
1.0143
1.01433
1.01438
1.01441
1.01441
1.01438
1.01434
1.01431
1.01427
1.01424
1.01421
1.01419
1.01417
1.01415
1.01414
1.01413
1.01412
1.01412
1.01412
1.01412
1.01411
1.01407
1.01399
1.01386
)
;
    }
    downInnerWalls
    {
        type            calculated;
        value           nonuniform List<scalar> 
100
(
1.11321
1.18636
1.14671
1.11555
1.09027
1.07047
1.05475
1.04255
1.033
1.02562
1.01988
1.01545
1.01201
1.00935
1.00729
1.0057
1.00446
1.0035
1.00276
1.00218
1.00174
1.00139
1.00113
1.00093
1.00079
1.00069
1.00062
1.0006
1.00061
1.00065
1.00068
1.00071
1.0011
1.00184
1.0027
1.00451
1.01081
1.04367
1.25
1.05018
1.01297
1.00587
1.00338
1.00223
1.00162
1.00126
1.00106
1.00077
1.00049
1.00051
1.00057
1.00054
1.0005
1.00046
1.00043
1.00041
1.00039
1.00037
1.00036
1.00035
1.00034
1.00035
1.00031
1.00038
1.00038
1.00027
1.00024
1.00024
1.00033
1.00038
1.00037
1.00034
1.00034
1.00034
1.00035
1.00036
1.00037
1.00039
1.0004
1.00042
1.00045
1.00048
1.00051
1.00054
1.00057
1.0006
1.00064
1.00067
1.0007
1.00073
1.00074
1.00071
1.00066
1.00051
1.00026
0.999752
0.998949
0.997549
0.995338
0.992006
)
;
    }
    upInnerWalls
    {
        type            calculated;
        value           nonuniform List<scalar> 
100
(
1.13597
1.1889
1.13317
1.09447
1.06906
1.05199
1.04013
1.03142
1.02476
1.01953
1.01539
1.01211
1.00953
1.00749
1.00588
1.00462
1.00363
1.00286
1.00225
1.00177
1.0014
1.00111
1.00087
1.00069
1.00055
1.00043
1.00034
1.00027
1.00022
1.00017
1.00014
1.00011
1.00009
1.00007
1.00006
1.00004
1.00003
1.00003
1.00002
1.00002
1.00001
1.00001
1.00001
1
1
1
0.999999
0.999997
0.999995
0.999992
0.99999
0.999988
0.999986
0.999981
0.999979
0.999975
0.999971
0.999966
0.999962
0.999955
0.99995
0.999943
0.999936
0.999928
0.999921
0.999911
0.999902
0.999891
0.999882
0.999869
0.999858
0.999844
0.999832
0.999815
0.999802
0.999782
0.999768
0.999744
0.999728
0.999698
0.99968
0.999642
0.999622
0.999574
0.999548
0.999485
0.999447
0.999358
0.999302
0.999178
0.999087
0.998897
0.998727
0.998404
0.998048
0.997412
0.996577
0.995154
0.993172
0.989943
)
;
    }
    downOuterWalls
    {
        type            calculated;
        value           nonuniform List<scalar> 
100
(
1.10732
1.18167
1.13985
1.10879
1.08476
1.06557
1.05079
1.03923
1.03034
1.02345
1.01815
1.01407
1.01091
1.00848
1.00659
1.00514
1.00401
1.00313
1.00245
1.00192
1.00151
1.00119
1.00094
1.00074
1.00058
1.00046
1.00036
1.00029
1.00022
1.00018
1.00014
1.00011
1.00008
1.00006
1.00005
1.00004
1.00003
1.00002
1.00002
1.00002
1.00001
1.00001
1.00001
1.00001
1.00001
1.00001
1.00001
1.00001
1.00002
1.00002
1.00002
1.00003
1.00003
1.00004
1.00004
1.00005
1.00005
1.00006
1.00006
1.00007
1.00008
1.00008
1.00009
1.0001
1.00008
1.00009
1.00015
1.00014
1.00013
1.00015
1.00016
1.00017
1.00018
1.00019
1.0002
1.00022
1.00024
1.00025
1.00027
1.0003
1.00032
1.00036
1.0004
1.00044
1.0005
1.00057
1.00065
1.00075
1.00088
1.00104
1.00124
1.00148
1.00179
1.00217
1.00267
1.00331
1.00414
1.00524
1.00669
1.00881
)
;
    }
    upOuterWalls
    {
        type            calculated;
        value           nonuniform List<scalar> 
100
(
1.13645
1.1892
1.13336
1.09464
1.06917
1.05206
1.04017
1.03145
1.02477
1.01954
1.0154
1.01212
1.00953
1.00749
1.00588
1.00462
1.00364
1.00286
1.00225
1.00178
1.0014
1.00111
1.00087
1.00069
1.00055
1.00043
1.00034
1.00027
1.00022
1.00017
1.00014
1.00011
1.00009
1.00007
1.00006
1.00004
1.00004
1.00003
1.00002
1.00002
1.00002
1.00001
1.00001
1.00001
1.00001
1.00001
1.00001
1.00001
1.00001
1.00001
1.00001
1.00002
1.00002
1.00002
1.00003
1.00003
1.00003
1.00004
1.00004
1.00004
1.00003
1.00004
1.00006
1.00009
1.00013
1.00016
1.00016
1.00017
1.00019
1.00021
1.00024
1.00027
1.0003
1.00034
1.00038
1.00043
1.00049
1.00055
1.00062
1.0007
1.0008
1.0009
1.00102
1.00117
1.00133
1.00153
1.00176
1.00203
1.00234
1.00272
1.00318
1.00375
1.00445
1.00531
1.00637
1.0077
1.00936
1.01146
1.01398
1.01718
)
;
    }
    frontAndBackPlanes
    {
        type            empty;
    }
}


// ************************************************************************* //
