/*--------------------------------*- C++ -*----------------------------------*\
| =========                 |                                                 |
| \\      /  F ield         | OpenFOAM: The Open Source CFD Toolbox           |
|  \\    /   O peration     | Version:  1.7.1                                 |
|   \\  /    A nd           | Web:      www.OpenFOAM.com                      |
|    \\/     M anipulation  |                                                 |
\*---------------------------------------------------------------------------*/
FoamFile
{
    version     2.0;
    format      ascii;
    class       labelList;
    note        "nPoints:7560  nCells:4872  nFaces:17220  nInternalFaces:12012";
    location    "constant/polyMesh";
    object      neighbour;
}
// * * * * * * * * * * * * * * * * * * * * * * * * * * * * * * * * * * * * * //


12012
(
1
12
348
3161
2
13
349
3
14
350
4
15
351
5
16
352
6
17
353
7
18
354
8
19
355
9
20
356
10
21
357
11
22
358
23
359
2378
13
24
360
3191
14
25
361
15
26
362
16
27
363
17
28
364
18
29
365
19
30
366
20
31
367
21
32
368
22
33
369
23
34
370
35
371
2380
25
36
372
3221
26
37
373
27
38
374
28
39
375
29
40
376
30
41
377
31
42
378
32
43
379
33
44
380
34
45
381
35
46
382
47
383
2382
37
48
384
3251
38
49
385
39
50
386
40
51
387
41
52
388
42
53
389
43
54
390
44
55
391
45
56
392
46
57
393
47
58
394
59
395
2384
49
60
396
3281
50
61
397
51
62
398
52
63
399
53
64
400
54
65
401
55
66
402
56
67
403
57
68
404
58
69
405
59
70
406
71
407
2386
61
72
408
3311
62
73
409
63
74
410
64
75
411
65
76
412
66
77
413
67
78
414
68
79
415
69
80
416
70
81
417
71
82
418
83
419
2388
73
84
420
3341
74
85
421
75
86
422
76
87
423
77
88
424
78
89
425
79
90
426
80
91
427
81
92
428
82
93
429
83
94
430
95
431
2390
85
96
432
3371
86
97
433
87
98
434
88
99
435
89
100
436
90
101
437
91
102
438
92
103
439
93
104
440
94
105
441
95
106
442
107
443
2392
97
108
444
3401
98
109
445
99
110
446
100
111
447
101
112
448
102
113
449
103
114
450
104
115
451
105
116
452
106
117
453
107
118
454
119
455
2394
109
120
456
3431
110
121
457
111
122
458
112
123
459
113
124
460
114
125
461
115
126
462
116
127
463
117
128
464
118
129
465
119
130
466
131
467
2396
121
132
468
3461
122
133
469
123
134
470
124
135
471
125
136
472
126
137
473
127
138
474
128
139
475
129
140
476
130
141
477
131
142
478
143
479
2398
133
144
480
3491
134
145
481
135
146
482
136
147
483
137
148
484
138
149
485
139
150
486
140
151
487
141
152
488
142
153
489
143
154
490
155
491
2400
145
156
492
3521
146
157
493
147
158
494
148
159
495
149
160
496
150
161
497
151
162
498
152
163
499
153
164
500
154
165
501
155
166
502
167
503
2402
157
168
504
3551
158
169
505
159
170
506
160
171
507
161
172
508
162
173
509
163
174
510
164
175
511
165
176
512
166
177
513
167
178
514
179
515
2404
169
180
516
3581
170
181
517
171
182
518
172
183
519
173
184
520
174
185
521
175
186
522
176
187
523
177
188
524
178
189
525
179
190
526
191
527
2406
181
192
528
3611
182
193
529
183
194
530
184
195
531
185
196
532
186
197
533
187
198
534
188
199
535
189
200
536
190
201
537
191
202
538
203
539
2408
193
204
540
3641
194
205
541
195
206
542
196
207
543
197
208
544
198
209
545
199
210
546
200
211
547
201
212
548
202
213
549
203
214
550
215
551
2410
205
216
552
3671
206
217
553
207
218
554
208
219
555
209
220
556
210
221
557
211
222
558
212
223
559
213
224
560
214
225
561
215
226
562
227
563
2412
217
228
564
3701
218
229
565
219
230
566
220
231
567
221
232
568
222
233
569
223
234
570
224
235
571
225
236
572
226
237
573
227
238
574
239
575
2414
229
240
576
3731
230
241
577
231
242
578
232
243
579
233
244
580
234
245
581
235
246
582
236
247
583
237
248
584
238
249
585
239
250
586
251
587
2416
241
252
588
3761
242
253
589
243
254
590
244
255
591
245
256
592
246
257
593
247
258
594
248
259
595
249
260
596
250
261
597
251
262
598
263
599
2418
253
264
600
3791
254
265
601
255
266
602
256
267
603
257
268
604
258
269
605
259
270
606
260
271
607
261
272
608
262
273
609
263
274
610
275
611
2420
265
276
612
3821
266
277
613
267
278
614
268
279
615
269
280
616
270
281
617
271
282
618
272
283
619
273
284
620
274
285
621
275
286
622
287
623
2422
277
288
624
3851
278
289
625
279
290
626
280
291
627
281
292
628
282
293
629
283
294
630
284
295
631
285
296
632
286
297
633
287
298
634
299
635
2424
289
300
636
3881
290
301
637
291
302
638
292
303
639
293
304
640
294
305
641
295
306
642
296
307
643
297
308
644
298
309
645
299
310
646
311
647
2426
301
312
648
3911
302
313
649
303
314
650
304
315
651
305
316
652
306
317
653
307
318
654
308
319
655
309
320
656
310
321
657
311
322
658
323
659
2428
313
324
660
3941
314
325
661
315
326
662
316
327
663
317
328
664
318
329
665
319
330
666
320
331
667
321
332
668
322
333
669
323
334
670
335
671
2430
325
336
672
3971
326
337
673
327
338
674
328
339
675
329
340
676
330
341
677
331
342
678
332
343
679
333
344
680
334
345
681
335
346
682
347
683
2432
337
684
4001
338
685
339
686
340
687
341
688
342
689
343
690
344
691
345
692
346
693
347
694
695
2434
349
360
4031
350
361
351
362
352
363
353
364
354
365
355
366
356
367
357
368
358
369
359
370
371
2379
361
372
4061
362
373
363
374
364
375
365
376
366
377
367
378
368
379
369
380
370
381
371
382
383
2381
373
384
4091
374
385
375
386
376
387
377
388
378
389
379
390
380
391
381
392
382
393
383
394
395
2383
385
396
4121
386
397
387
398
388
399
389
400
390
401
391
402
392
403
393
404
394
405
395
406
407
2385
397
408
4151
398
409
399
410
400
411
401
412
402
413
403
414
404
415
405
416
406
417
407
418
419
2387
409
420
4181
410
421
411
422
412
423
413
424
414
425
415
426
416
427
417
428
418
429
419
430
431
2389
421
432
4211
422
433
423
434
424
435
425
436
426
437
427
438
428
439
429
440
430
441
431
442
443
2391
433
444
4241
434
445
435
446
436
447
437
448
438
449
439
450
440
451
441
452
442
453
443
454
455
2393
445
456
4271
446
457
447
458
448
459
449
460
450
461
451
462
452
463
453
464
454
465
455
466
467
2395
457
468
4301
458
469
459
470
460
471
461
472
462
473
463
474
464
475
465
476
466
477
467
478
479
2397
469
480
4331
470
481
471
482
472
483
473
484
474
485
475
486
476
487
477
488
478
489
479
490
491
2399
481
492
4361
482
493
483
494
484
495
485
496
486
497
487
498
488
499
489
500
490
501
491
502
503
2401
493
504
4391
494
505
495
506
496
507
497
508
498
509
499
510
500
511
501
512
502
513
503
514
515
2403
505
516
4421
506
517
507
518
508
519
509
520
510
521
511
522
512
523
513
524
514
525
515
526
527
2405
517
528
4451
518
529
519
530
520
531
521
532
522
533
523
534
524
535
525
536
526
537
527
538
539
2407
529
540
4481
530
541
531
542
532
543
533
544
534
545
535
546
536
547
537
548
538
549
539
550
551
2409
541
552
4511
542
553
543
554
544
555
545
556
546
557
547
558
548
559
549
560
550
561
551
562
563
2411
553
564
4541
554
565
555
566
556
567
557
568
558
569
559
570
560
571
561
572
562
573
563
574
575
2413
565
576
4571
566
577
567
578
568
579
569
580
570
581
571
582
572
583
573
584
574
585
575
586
587
2415
577
588
4601
578
589
579
590
580
591
581
592
582
593
583
594
584
595
585
596
586
597
587
598
599
2417
589
600
4631
590
601
591
602
592
603
593
604
594
605
595
606
596
607
597
608
598
609
599
610
611
2419
601
612
4661
602
613
603
614
604
615
605
616
606
617
607
618
608
619
609
620
610
621
611
622
623
2421
613
624
4691
614
625
615
626
616
627
617
628
618
629
619
630
620
631
621
632
622
633
623
634
635
2423
625
636
4721
626
637
627
638
628
639
629
640
630
641
631
642
632
643
633
644
634
645
635
646
647
2425
637
648
4751
638
649
639
650
640
651
641
652
642
653
643
654
644
655
645
656
646
657
647
658
659
2427
649
660
4781
650
661
651
662
652
663
653
664
654
665
655
666
656
667
657
668
658
669
659
670
671
2429
661
672
4811
662
673
663
674
664
675
665
676
666
677
667
678
668
679
669
680
670
681
671
682
683
2431
673
684
4841
674
685
675
686
676
687
677
688
678
689
679
690
680
691
681
692
682
693
683
694
695
2433
685
4871
686
687
688
689
690
691
692
693
694
695
2435
697
698
754
2492
699
755
2493
699
700
756
2490
701
757
2491
701
702
758
2488
703
759
2489
703
704
760
2486
705
761
2487
705
706
762
2484
707
763
2485
707
708
764
2482
709
765
2483
709
710
766
2480
711
767
2481
711
712
768
2478
713
769
2479
713
714
770
2476
715
771
2477
715
716
772
2474
717
773
2475
717
718
774
2472
719
775
2473
719
720
776
2470
721
777
2471
721
722
778
2468
723
779
2469
723
724
780
2466
725
781
2467
725
726
782
2464
727
783
2465
727
728
784
2462
729
785
2463
729
730
786
2460
731
787
2461
731
732
788
2458
733
789
2459
733
734
790
2456
735
791
2457
735
736
792
2454
737
793
2455
737
738
794
2452
739
795
2453
739
740
796
2450
741
797
2451
741
742
798
2448
743
799
2449
743
744
800
2446
745
801
2447
745
746
802
2444
747
803
2445
747
748
804
2442
749
805
2443
749
750
806
2440
751
807
2441
751
752
808
2438
753
809
2439
753
810
2436
811
2437
755
756
812
757
813
757
758
814
759
815
759
760
816
761
817
761
762
818
763
819
763
764
820
765
821
765
766
822
767
823
767
768
824
769
825
769
770
826
771
827
771
772
828
773
829
773
774
830
775
831
775
776
832
777
833
777
778
834
779
835
779
780
836
781
837
781
782
838
783
839
783
784
840
785
841
785
786
842
787
843
787
788
844
789
845
789
790
846
791
847
791
792
848
793
849
793
794
850
795
851
795
796
852
797
853
797
798
854
799
855
799
800
856
801
857
801
802
858
803
859
803
804
860
805
861
805
806
862
807
863
807
808
864
809
865
809
810
866
811
867
811
868
869
813
814
870
815
871
815
816
872
817
873
817
818
874
819
875
819
820
876
821
877
821
822
878
823
879
823
824
880
825
881
825
826
882
827
883
827
828
884
829
885
829
830
886
831
887
831
832
888
833
889
833
834
890
835
891
835
836
892
837
893
837
838
894
839
895
839
840
896
841
897
841
842
898
843
899
843
844
900
845
901
845
846
902
847
903
847
848
904
849
905
849
850
906
851
907
851
852
908
853
909
853
854
910
855
911
855
856
912
857
913
857
858
914
859
915
859
860
916
861
917
861
862
918
863
919
863
864
920
865
921
865
866
922
867
923
867
868
924
869
925
869
926
927
871
872
928
873
929
873
874
930
875
931
875
876
932
877
933
877
878
934
879
935
879
880
936
881
937
881
882
938
883
939
883
884
940
885
941
885
886
942
887
943
887
888
944
889
945
889
890
946
891
947
891
892
948
893
949
893
894
950
895
951
895
896
952
897
953
897
898
954
899
955
899
900
956
901
957
901
902
958
903
959
903
904
960
905
961
905
906
962
907
963
907
908
964
909
965
909
910
966
911
967
911
912
968
913
969
913
914
970
915
971
915
916
972
917
973
917
918
974
919
975
919
920
976
921
977
921
922
978
923
979
923
924
980
925
981
925
926
982
927
983
927
984
985
929
930
986
931
987
931
932
988
933
989
933
934
990
935
991
935
936
992
937
993
937
938
994
939
995
939
940
996
941
997
941
942
998
943
999
943
944
1000
945
1001
945
946
1002
947
1003
947
948
1004
949
1005
949
950
1006
951
1007
951
952
1008
953
1009
953
954
1010
955
1011
955
956
1012
957
1013
957
958
1014
959
1015
959
960
1016
961
1017
961
962
1018
963
1019
963
964
1020
965
1021
965
966
1022
967
1023
967
968
1024
969
1025
969
970
1026
971
1027
971
972
1028
973
1029
973
974
1030
975
1031
975
976
1032
977
1033
977
978
1034
979
1035
979
980
1036
981
1037
981
982
1038
983
1039
983
984
1040
985
1041
985
1042
1043
987
988
1044
989
1045
989
990
1046
991
1047
991
992
1048
993
1049
993
994
1050
995
1051
995
996
1052
997
1053
997
998
1054
999
1055
999
1000
1056
1001
1057
1001
1002
1058
1003
1059
1003
1004
1060
1005
1061
1005
1006
1062
1007
1063
1007
1008
1064
1009
1065
1009
1010
1066
1011
1067
1011
1012
1068
1013
1069
1013
1014
1070
1015
1071
1015
1016
1072
1017
1073
1017
1018
1074
1019
1075
1019
1020
1076
1021
1077
1021
1022
1078
1023
1079
1023
1024
1080
1025
1081
1025
1026
1082
1027
1083
1027
1028
1084
1029
1085
1029
1030
1086
1031
1087
1031
1032
1088
1033
1089
1033
1034
1090
1035
1091
1035
1036
1092
1037
1093
1037
1038
1094
1039
1095
1039
1040
1096
1041
1097
1041
1042
1098
1043
1099
1043
1100
1101
1045
1046
1102
1047
1103
1047
1048
1104
1049
1105
1049
1050
1106
1051
1107
1051
1052
1108
1053
1109
1053
1054
1110
1055
1111
1055
1056
1112
1057
1113
1057
1058
1114
1059
1115
1059
1060
1116
1061
1117
1061
1062
1118
1063
1119
1063
1064
1120
1065
1121
1065
1066
1122
1067
1123
1067
1068
1124
1069
1125
1069
1070
1126
1071
1127
1071
1072
1128
1073
1129
1073
1074
1130
1075
1131
1075
1076
1132
1077
1133
1077
1078
1134
1079
1135
1079
1080
1136
1081
1137
1081
1082
1138
1083
1139
1083
1084
1140
1085
1141
1085
1086
1142
1087
1143
1087
1088
1144
1089
1145
1089
1090
1146
1091
1147
1091
1092
1148
1093
1149
1093
1094
1150
1095
1151
1095
1096
1152
1097
1153
1097
1098
1154
1099
1155
1099
1100
1156
1101
1157
1101
1158
1159
1103
1104
1160
1105
1161
1105
1106
1162
1107
1163
1107
1108
1164
1109
1165
1109
1110
1166
1111
1167
1111
1112
1168
1113
1169
1113
1114
1170
1115
1171
1115
1116
1172
1117
1173
1117
1118
1174
1119
1175
1119
1120
1176
1121
1177
1121
1122
1178
1123
1179
1123
1124
1180
1125
1181
1125
1126
1182
1127
1183
1127
1128
1184
1129
1185
1129
1130
1186
1131
1187
1131
1132
1188
1133
1189
1133
1134
1190
1135
1191
1135
1136
1192
1137
1193
1137
1138
1194
1139
1195
1139
1140
1196
1141
1197
1141
1142
1198
1143
1199
1143
1144
1200
1145
1201
1145
1146
1202
1147
1203
1147
1148
1204
1149
1205
1149
1150
1206
1151
1207
1151
1152
1208
1153
1209
1153
1154
1210
1155
1211
1155
1156
1212
1157
1213
1157
1158
1214
1159
1215
1159
1216
1217
1161
1162
1218
1163
1219
1163
1164
1220
1165
1221
1165
1166
1222
1167
1223
1167
1168
1224
1169
1225
1169
1170
1226
1171
1227
1171
1172
1228
1173
1229
1173
1174
1230
1175
1231
1175
1176
1232
1177
1233
1177
1178
1234
1179
1235
1179
1180
1236
1181
1237
1181
1182
1238
1183
1239
1183
1184
1240
1185
1241
1185
1186
1242
1187
1243
1187
1188
1244
1189
1245
1189
1190
1246
1191
1247
1191
1192
1248
1193
1249
1193
1194
1250
1195
1251
1195
1196
1252
1197
1253
1197
1198
1254
1199
1255
1199
1200
1256
1201
1257
1201
1202
1258
1203
1259
1203
1204
1260
1205
1261
1205
1206
1262
1207
1263
1207
1208
1264
1209
1265
1209
1210
1266
1211
1267
1211
1212
1268
1213
1269
1213
1214
1270
1215
1271
1215
1216
1272
1217
1273
1217
1274
1275
1219
1220
1276
1221
1277
1221
1222
1278
1223
1279
1223
1224
1280
1225
1281
1225
1226
1282
1227
1283
1227
1228
1284
1229
1285
1229
1230
1286
1231
1287
1231
1232
1288
1233
1289
1233
1234
1290
1235
1291
1235
1236
1292
1237
1293
1237
1238
1294
1239
1295
1239
1240
1296
1241
1297
1241
1242
1298
1243
1299
1243
1244
1300
1245
1301
1245
1246
1302
1247
1303
1247
1248
1304
1249
1305
1249
1250
1306
1251
1307
1251
1252
1308
1253
1309
1253
1254
1310
1255
1311
1255
1256
1312
1257
1313
1257
1258
1314
1259
1315
1259
1260
1316
1261
1317
1261
1262
1318
1263
1319
1263
1264
1320
1265
1321
1265
1266
1322
1267
1323
1267
1268
1324
1269
1325
1269
1270
1326
1271
1327
1271
1272
1328
1273
1329
1273
1274
1330
1275
1331
1275
1332
1333
1277
1278
1334
1279
1335
1279
1280
1336
1281
1337
1281
1282
1338
1283
1339
1283
1284
1340
1285
1341
1285
1286
1342
1287
1343
1287
1288
1344
1289
1345
1289
1290
1346
1291
1347
1291
1292
1348
1293
1349
1293
1294
1350
1295
1351
1295
1296
1352
1297
1353
1297
1298
1354
1299
1355
1299
1300
1356
1301
1357
1301
1302
1358
1303
1359
1303
1304
1360
1305
1361
1305
1306
1362
1307
1363
1307
1308
1364
1309
1365
1309
1310
1366
1311
1367
1311
1312
1368
1313
1369
1313
1314
1370
1315
1371
1315
1316
1372
1317
1373
1317
1318
1374
1319
1375
1319
1320
1376
1321
1377
1321
1322
1378
1323
1379
1323
1324
1380
1325
1381
1325
1326
1382
1327
1383
1327
1328
1384
1329
1385
1329
1330
1386
1331
1387
1331
1332
1388
1333
1389
1333
1390
1391
1335
1336
1392
1337
1393
1337
1338
1394
1339
1395
1339
1340
1396
1341
1397
1341
1342
1398
1343
1399
1343
1344
1400
1345
1401
1345
1346
1402
1347
1403
1347
1348
1404
1349
1405
1349
1350
1406
1351
1407
1351
1352
1408
1353
1409
1353
1354
1410
1355
1411
1355
1356
1412
1357
1413
1357
1358
1414
1359
1415
1359
1360
1416
1361
1417
1361
1362
1418
1363
1419
1363
1364
1420
1365
1421
1365
1366
1422
1367
1423
1367
1368
1424
1369
1425
1369
1370
1426
1371
1427
1371
1372
1428
1373
1429
1373
1374
1430
1375
1431
1375
1376
1432
1377
1433
1377
1378
1434
1379
1435
1379
1380
1436
1381
1437
1381
1382
1438
1383
1439
1383
1384
1440
1385
1441
1385
1386
1442
1387
1443
1387
1388
1444
1389
1445
1389
1390
1446
1391
1447
1391
1448
1449
1393
1394
1450
1395
1451
1395
1396
1452
1397
1453
1397
1398
1454
1399
1455
1399
1400
1456
1401
1457
1401
1402
1458
1403
1459
1403
1404
1460
1405
1461
1405
1406
1462
1407
1463
1407
1408
1464
1409
1465
1409
1410
1466
1411
1467
1411
1412
1468
1413
1469
1413
1414
1470
1415
1471
1415
1416
1472
1417
1473
1417
1418
1474
1419
1475
1419
1420
1476
1421
1477
1421
1422
1478
1423
1479
1423
1424
1480
1425
1481
1425
1426
1482
1427
1483
1427
1428
1484
1429
1485
1429
1430
1486
1431
1487
1431
1432
1488
1433
1489
1433
1434
1490
1435
1491
1435
1436
1492
1437
1493
1437
1438
1494
1439
1495
1439
1440
1496
1441
1497
1441
1442
1498
1443
1499
1443
1444
1500
1445
1501
1445
1446
1502
1447
1503
1447
1448
1504
1449
1505
1449
1506
1507
1451
1452
1508
1453
1509
1453
1454
1510
1455
1511
1455
1456
1512
1457
1513
1457
1458
1514
1459
1515
1459
1460
1516
1461
1517
1461
1462
1518
1463
1519
1463
1464
1520
1465
1521
1465
1466
1522
1467
1523
1467
1468
1524
1469
1525
1469
1470
1526
1471
1527
1471
1472
1528
1473
1529
1473
1474
1530
1475
1531
1475
1476
1532
1477
1533
1477
1478
1534
1479
1535
1479
1480
1536
1481
1537
1481
1482
1538
1483
1539
1483
1484
1540
1485
1541
1485
1486
1542
1487
1543
1487
1488
1544
1489
1545
1489
1490
1546
1491
1547
1491
1492
1548
1493
1549
1493
1494
1550
1495
1551
1495
1496
1552
1497
1553
1497
1498
1554
1499
1555
1499
1500
1556
1501
1557
1501
1502
1558
1503
1559
1503
1504
1560
1505
1561
1505
1506
1562
1507
1563
1507
1564
1565
1509
1510
1566
1511
1567
1511
1512
1568
1513
1569
1513
1514
1570
1515
1571
1515
1516
1572
1517
1573
1517
1518
1574
1519
1575
1519
1520
1576
1521
1577
1521
1522
1578
1523
1579
1523
1524
1580
1525
1581
1525
1526
1582
1527
1583
1527
1528
1584
1529
1585
1529
1530
1586
1531
1587
1531
1532
1588
1533
1589
1533
1534
1590
1535
1591
1535
1536
1592
1537
1593
1537
1538
1594
1539
1595
1539
1540
1596
1541
1597
1541
1542
1598
1543
1599
1543
1544
1600
1545
1601
1545
1546
1602
1547
1603
1547
1548
1604
1549
1605
1549
1550
1606
1551
1607
1551
1552
1608
1553
1609
1553
1554
1610
1555
1611
1555
1556
1612
1557
1613
1557
1558
1614
1559
1615
1559
1560
1616
1561
1617
1561
1562
1618
1563
1619
1563
1564
1620
1565
1621
1565
1622
1623
1567
1568
1624
1569
1625
1569
1570
1626
1571
1627
1571
1572
1628
1573
1629
1573
1574
1630
1575
1631
1575
1576
1632
1577
1633
1577
1578
1634
1579
1635
1579
1580
1636
1581
1637
1581
1582
1638
1583
1639
1583
1584
1640
1585
1641
1585
1586
1642
1587
1643
1587
1588
1644
1589
1645
1589
1590
1646
1591
1647
1591
1592
1648
1593
1649
1593
1594
1650
1595
1651
1595
1596
1652
1597
1653
1597
1598
1654
1599
1655
1599
1600
1656
1601
1657
1601
1602
1658
1603
1659
1603
1604
1660
1605
1661
1605
1606
1662
1607
1663
1607
1608
1664
1609
1665
1609
1610
1666
1611
1667
1611
1612
1668
1613
1669
1613
1614
1670
1615
1671
1615
1616
1672
1617
1673
1617
1618
1674
1619
1675
1619
1620
1676
1621
1677
1621
1622
1678
1623
1679
1623
1680
1681
1625
1626
1682
1627
1683
1627
1628
1684
1629
1685
1629
1630
1686
1631
1687
1631
1632
1688
1633
1689
1633
1634
1690
1635
1691
1635
1636
1692
1637
1693
1637
1638
1694
1639
1695
1639
1640
1696
1641
1697
1641
1642
1698
1643
1699
1643
1644
1700
1645
1701
1645
1646
1702
1647
1703
1647
1648
1704
1649
1705
1649
1650
1706
1651
1707
1651
1652
1708
1653
1709
1653
1654
1710
1655
1711
1655
1656
1712
1657
1713
1657
1658
1714
1659
1715
1659
1660
1716
1661
1717
1661
1662
1718
1663
1719
1663
1664
1720
1665
1721
1665
1666
1722
1667
1723
1667
1668
1724
1669
1725
1669
1670
1726
1671
1727
1671
1672
1728
1673
1729
1673
1674
1730
1675
1731
1675
1676
1732
1677
1733
1677
1678
1734
1679
1735
1679
1680
1736
1681
1737
1681
1738
1739
1683
1684
1740
1685
1741
1685
1686
1742
1687
1743
1687
1688
1744
1689
1745
1689
1690
1746
1691
1747
1691
1692
1748
1693
1749
1693
1694
1750
1695
1751
1695
1696
1752
1697
1753
1697
1698
1754
1699
1755
1699
1700
1756
1701
1757
1701
1702
1758
1703
1759
1703
1704
1760
1705
1761
1705
1706
1762
1707
1763
1707
1708
1764
1709
1765
1709
1710
1766
1711
1767
1711
1712
1768
1713
1769
1713
1714
1770
1715
1771
1715
1716
1772
1717
1773
1717
1718
1774
1719
1775
1719
1720
1776
1721
1777
1721
1722
1778
1723
1779
1723
1724
1780
1725
1781
1725
1726
1782
1727
1783
1727
1728
1784
1729
1785
1729
1730
1786
1731
1787
1731
1732
1788
1733
1789
1733
1734
1790
1735
1791
1735
1736
1792
1737
1793
1737
1738
1794
1739
1795
1739
1796
1797
1741
1742
1798
1743
1799
1743
1744
1800
1745
1801
1745
1746
1802
1747
1803
1747
1748
1804
1749
1805
1749
1750
1806
1751
1807
1751
1752
1808
1753
1809
1753
1754
1810
1755
1811
1755
1756
1812
1757
1813
1757
1758
1814
1759
1815
1759
1760
1816
1761
1817
1761
1762
1818
1763
1819
1763
1764
1820
1765
1821
1765
1766
1822
1767
1823
1767
1768
1824
1769
1825
1769
1770
1826
1771
1827
1771
1772
1828
1773
1829
1773
1774
1830
1775
1831
1775
1776
1832
1777
1833
1777
1778
1834
1779
1835
1779
1780
1836
1781
1837
1781
1782
1838
1783
1839
1783
1784
1840
1785
1841
1785
1786
1842
1787
1843
1787
1788
1844
1789
1845
1789
1790
1846
1791
1847
1791
1792
1848
1793
1849
1793
1794
1850
1795
1851
1795
1796
1852
1797
1853
1797
1854
1855
1799
1800
1856
1801
1857
1801
1802
1858
1803
1859
1803
1804
1860
1805
1861
1805
1806
1862
1807
1863
1807
1808
1864
1809
1865
1809
1810
1866
1811
1867
1811
1812
1868
1813
1869
1813
1814
1870
1815
1871
1815
1816
1872
1817
1873
1817
1818
1874
1819
1875
1819
1820
1876
1821
1877
1821
1822
1878
1823
1879
1823
1824
1880
1825
1881
1825
1826
1882
1827
1883
1827
1828
1884
1829
1885
1829
1830
1886
1831
1887
1831
1832
1888
1833
1889
1833
1834
1890
1835
1891
1835
1836
1892
1837
1893
1837
1838
1894
1839
1895
1839
1840
1896
1841
1897
1841
1842
1898
1843
1899
1843
1844
1900
1845
1901
1845
1846
1902
1847
1903
1847
1848
1904
1849
1905
1849
1850
1906
1851
1907
1851
1852
1908
1853
1909
1853
1854
1910
1855
1911
1855
1912
1913
1857
1858
1914
1859
1915
1859
1860
1916
1861
1917
1861
1862
1918
1863
1919
1863
1864
1920
1865
1921
1865
1866
1922
1867
1923
1867
1868
1924
1869
1925
1869
1870
1926
1871
1927
1871
1872
1928
1873
1929
1873
1874
1930
1875
1931
1875
1876
1932
1877
1933
1877
1878
1934
1879
1935
1879
1880
1936
1881
1937
1881
1882
1938
1883
1939
1883
1884
1940
1885
1941
1885
1886
1942
1887
1943
1887
1888
1944
1889
1945
1889
1890
1946
1891
1947
1891
1892
1948
1893
1949
1893
1894
1950
1895
1951
1895
1896
1952
1897
1953
1897
1898
1954
1899
1955
1899
1900
1956
1901
1957
1901
1902
1958
1903
1959
1903
1904
1960
1905
1961
1905
1906
1962
1907
1963
1907
1908
1964
1909
1965
1909
1910
1966
1911
1967
1911
1912
1968
1913
1969
1913
1970
1971
1915
1916
1972
1917
1973
1917
1918
1974
1919
1975
1919
1920
1976
1921
1977
1921
1922
1978
1923
1979
1923
1924
1980
1925
1981
1925
1926
1982
1927
1983
1927
1928
1984
1929
1985
1929
1930
1986
1931
1987
1931
1932
1988
1933
1989
1933
1934
1990
1935
1991
1935
1936
1992
1937
1993
1937
1938
1994
1939
1995
1939
1940
1996
1941
1997
1941
1942
1998
1943
1999
1943
1944
2000
1945
2001
1945
1946
2002
1947
2003
1947
1948
2004
1949
2005
1949
1950
2006
1951
2007
1951
1952
2008
1953
2009
1953
1954
2010
1955
2011
1955
1956
2012
1957
2013
1957
1958
2014
1959
2015
1959
1960
2016
1961
2017
1961
1962
2018
1963
2019
1963
1964
2020
1965
2021
1965
1966
2022
1967
2023
1967
1968
2024
1969
2025
1969
1970
2026
1971
2027
1971
2028
2029
1973
1974
2030
1975
2031
1975
1976
2032
1977
2033
1977
1978
2034
1979
2035
1979
1980
2036
1981
2037
1981
1982
2038
1983
2039
1983
1984
2040
1985
2041
1985
1986
2042
1987
2043
1987
1988
2044
1989
2045
1989
1990
2046
1991
2047
1991
1992
2048
1993
2049
1993
1994
2050
1995
2051
1995
1996
2052
1997
2053
1997
1998
2054
1999
2055
1999
2000
2056
2001
2057
2001
2002
2058
2003
2059
2003
2004
2060
2005
2061
2005
2006
2062
2007
2063
2007
2008
2064
2009
2065
2009
2010
2066
2011
2067
2011
2012
2068
2013
2069
2013
2014
2070
2015
2071
2015
2016
2072
2017
2073
2017
2018
2074
2019
2075
2019
2020
2076
2021
2077
2021
2022
2078
2023
2079
2023
2024
2080
2025
2081
2025
2026
2082
2027
2083
2027
2028
2084
2029
2085
2029
2086
2087
2031
2032
2088
2033
2089
2033
2034
2090
2035
2091
2035
2036
2092
2037
2093
2037
2038
2094
2039
2095
2039
2040
2096
2041
2097
2041
2042
2098
2043
2099
2043
2044
2100
2045
2101
2045
2046
2102
2047
2103
2047
2048
2104
2049
2105
2049
2050
2106
2051
2107
2051
2052
2108
2053
2109
2053
2054
2110
2055
2111
2055
2056
2112
2057
2113
2057
2058
2114
2059
2115
2059
2060
2116
2061
2117
2061
2062
2118
2063
2119
2063
2064
2120
2065
2121
2065
2066
2122
2067
2123
2067
2068
2124
2069
2125
2069
2070
2126
2071
2127
2071
2072
2128
2073
2129
2073
2074
2130
2075
2131
2075
2076
2132
2077
2133
2077
2078
2134
2079
2135
2079
2080
2136
2081
2137
2081
2082
2138
2083
2139
2083
2084
2140
2085
2141
2085
2086
2142
2087
2143
2087
2144
2145
2089
2090
2146
2091
2147
2091
2092
2148
2093
2149
2093
2094
2150
2095
2151
2095
2096
2152
2097
2153
2097
2098
2154
2099
2155
2099
2100
2156
2101
2157
2101
2102
2158
2103
2159
2103
2104
2160
2105
2161
2105
2106
2162
2107
2163
2107
2108
2164
2109
2165
2109
2110
2166
2111
2167
2111
2112
2168
2113
2169
2113
2114
2170
2115
2171
2115
2116
2172
2117
2173
2117
2118
2174
2119
2175
2119
2120
2176
2121
2177
2121
2122
2178
2123
2179
2123
2124
2180
2125
2181
2125
2126
2182
2127
2183
2127
2128
2184
2129
2185
2129
2130
2186
2131
2187
2131
2132
2188
2133
2189
2133
2134
2190
2135
2191
2135
2136
2192
2137
2193
2137
2138
2194
2139
2195
2139
2140
2196
2141
2197
2141
2142
2198
2143
2199
2143
2144
2200
2145
2201
2145
2202
2203
2147
2148
2204
2149
2205
2149
2150
2206
2151
2207
2151
2152
2208
2153
2209
2153
2154
2210
2155
2211
2155
2156
2212
2157
2213
2157
2158
2214
2159
2215
2159
2160
2216
2161
2217
2161
2162
2218
2163
2219
2163
2164
2220
2165
2221
2165
2166
2222
2167
2223
2167
2168
2224
2169
2225
2169
2170
2226
2171
2227
2171
2172
2228
2173
2229
2173
2174
2230
2175
2231
2175
2176
2232
2177
2233
2177
2178
2234
2179
2235
2179
2180
2236
2181
2237
2181
2182
2238
2183
2239
2183
2184
2240
2185
2241
2185
2186
2242
2187
2243
2187
2188
2244
2189
2245
2189
2190
2246
2191
2247
2191
2192
2248
2193
2249
2193
2194
2250
2195
2251
2195
2196
2252
2197
2253
2197
2198
2254
2199
2255
2199
2200
2256
2201
2257
2201
2202
2258
2203
2259
2203
2260
2261
2205
2206
2262
2207
2263
2207
2208
2264
2209
2265
2209
2210
2266
2211
2267
2211
2212
2268
2213
2269
2213
2214
2270
2215
2271
2215
2216
2272
2217
2273
2217
2218
2274
2219
2275
2219
2220
2276
2221
2277
2221
2222
2278
2223
2279
2223
2224
2280
2225
2281
2225
2226
2282
2227
2283
2227
2228
2284
2229
2285
2229
2230
2286
2231
2287
2231
2232
2288
2233
2289
2233
2234
2290
2235
2291
2235
2236
2292
2237
2293
2237
2238
2294
2239
2295
2239
2240
2296
2241
2297
2241
2242
2298
2243
2299
2243
2244
2300
2245
2301
2245
2246
2302
2247
2303
2247
2248
2304
2249
2305
2249
2250
2306
2251
2307
2251
2252
2308
2253
2309
2253
2254
2310
2255
2311
2255
2256
2312
2257
2313
2257
2258
2314
2259
2315
2259
2260
2316
2261
2317
2261
2318
2319
2263
2264
2320
2265
2321
2265
2266
2322
2267
2323
2267
2268
2324
2269
2325
2269
2270
2326
2271
2327
2271
2272
2328
2273
2329
2273
2274
2330
2275
2331
2275
2276
2332
2277
2333
2277
2278
2334
2279
2335
2279
2280
2336
2281
2337
2281
2282
2338
2283
2339
2283
2284
2340
2285
2341
2285
2286
2342
2287
2343
2287
2288
2344
2289
2345
2289
2290
2346
2291
2347
2291
2292
2348
2293
2349
2293
2294
2350
2295
2351
2295
2296
2352
2297
2353
2297
2298
2354
2299
2355
2299
2300
2356
2301
2357
2301
2302
2358
2303
2359
2303
2304
2360
2305
2361
2305
2306
2362
2307
2363
2307
2308
2364
2309
2365
2309
2310
2366
2311
2367
2311
2312
2368
2313
2369
2313
2314
2370
2315
2371
2315
2316
2372
2317
2373
2317
2318
2374
2319
2375
2319
2376
2377
2321
2322
2378
2323
2379
2323
2324
2380
2325
2381
2325
2326
2382
2327
2383
2327
2328
2384
2329
2385
2329
2330
2386
2331
2387
2331
2332
2388
2333
2389
2333
2334
2390
2335
2391
2335
2336
2392
2337
2393
2337
2338
2394
2339
2395
2339
2340
2396
2341
2397
2341
2342
2398
2343
2399
2343
2344
2400
2345
2401
2345
2346
2402
2347
2403
2347
2348
2404
2349
2405
2349
2350
2406
2351
2407
2351
2352
2408
2353
2409
2353
2354
2410
2355
2411
2355
2356
2412
2357
2413
2357
2358
2414
2359
2415
2359
2360
2416
2361
2417
2361
2362
2418
2363
2419
2363
2364
2420
2365
2421
2365
2366
2422
2367
2423
2367
2368
2424
2369
2425
2369
2370
2426
2371
2427
2371
2372
2428
2373
2429
2373
2374
2430
2375
2431
2375
2376
2432
2377
2433
2377
2434
2435
2379
2380
2381
2381
2382
2383
2383
2384
2385
2385
2386
2387
2387
2388
2389
2389
2390
2391
2391
2392
2393
2393
2394
2395
2395
2396
2397
2397
2398
2399
2399
2400
2401
2401
2402
2403
2403
2404
2405
2405
2406
2407
2407
2408
2409
2409
2410
2411
2411
2412
2413
2413
2414
2415
2415
2416
2417
2417
2418
2419
2419
2420
2421
2421
2422
2423
2423
2424
2425
2425
2426
2427
2427
2428
2429
2429
2430
2431
2431
2432
2433
2433
2434
2435
2435
2437
2438
2494
2439
2495
2439
2440
2496
2441
2497
2441
2442
2498
2443
2499
2443
2444
2500
2445
2501
2445
2446
2502
2447
2503
2447
2448
2504
2449
2505
2449
2450
2506
2451
2507
2451
2452
2508
2453
2509
2453
2454
2510
2455
2511
2455
2456
2512
2457
2513
2457
2458
2514
2459
2515
2459
2460
2516
2461
2517
2461
2462
2518
2463
2519
2463
2464
2520
2465
2521
2465
2466
2522
2467
2523
2467
2468
2524
2469
2525
2469
2470
2526
2471
2527
2471
2472
2528
2473
2529
2473
2474
2530
2475
2531
2475
2476
2532
2477
2533
2477
2478
2534
2479
2535
2479
2480
2536
2481
2537
2481
2482
2538
2483
2539
2483
2484
2540
2485
2541
2485
2486
2542
2487
2543
2487
2488
2544
2489
2545
2489
2490
2546
2491
2547
2491
2492
2548
2493
2549
2493
2550
2551
2495
2496
2552
2497
2553
2497
2498
2554
2499
2555
2499
2500
2556
2501
2557
2501
2502
2558
2503
2559
2503
2504
2560
2505
2561
2505
2506
2562
2507
2563
2507
2508
2564
2509
2565
2509
2510
2566
2511
2567
2511
2512
2568
2513
2569
2513
2514
2570
2515
2571
2515
2516
2572
2517
2573
2517
2518
2574
2519
2575
2519
2520
2576
2521
2577
2521
2522
2578
2523
2579
2523
2524
2580
2525
2581
2525
2526
2582
2527
2583
2527
2528
2584
2529
2585
2529
2530
2586
2531
2587
2531
2532
2588
2533
2589
2533
2534
2590
2535
2591
2535
2536
2592
2537
2593
2537
2538
2594
2539
2595
2539
2540
2596
2541
2597
2541
2542
2598
2543
2599
2543
2544
2600
2545
2601
2545
2546
2602
2547
2603
2547
2548
2604
2549
2605
2549
2550
2606
2551
2607
2551
2608
2609
2553
2554
2610
2555
2611
2555
2556
2612
2557
2613
2557
2558
2614
2559
2615
2559
2560
2616
2561
2617
2561
2562
2618
2563
2619
2563
2564
2620
2565
2621
2565
2566
2622
2567
2623
2567
2568
2624
2569
2625
2569
2570
2626
2571
2627
2571
2572
2628
2573
2629
2573
2574
2630
2575
2631
2575
2576
2632
2577
2633
2577
2578
2634
2579
2635
2579
2580
2636
2581
2637
2581
2582
2638
2583
2639
2583
2584
2640
2585
2641
2585
2586
2642
2587
2643
2587
2588
2644
2589
2645
2589
2590
2646
2591
2647
2591
2592
2648
2593
2649
2593
2594
2650
2595
2651
2595
2596
2652
2597
2653
2597
2598
2654
2599
2655
2599
2600
2656
2601
2657
2601
2602
2658
2603
2659
2603
2604
2660
2605
2661
2605
2606
2662
2607
2663
2607
2608
2664
2609
2665
2609
2666
2667
2611
2612
2668
2613
2669
2613
2614
2670
2615
2671
2615
2616
2672
2617
2673
2617
2618
2674
2619
2675
2619
2620
2676
2621
2677
2621
2622
2678
2623
2679
2623
2624
2680
2625
2681
2625
2626
2682
2627
2683
2627
2628
2684
2629
2685
2629
2630
2686
2631
2687
2631
2632
2688
2633
2689
2633
2634
2690
2635
2691
2635
2636
2692
2637
2693
2637
2638
2694
2639
2695
2639
2640
2696
2641
2697
2641
2642
2698
2643
2699
2643
2644
2700
2645
2701
2645
2646
2702
2647
2703
2647
2648
2704
2649
2705
2649
2650
2706
2651
2707
2651
2652
2708
2653
2709
2653
2654
2710
2655
2711
2655
2656
2712
2657
2713
2657
2658
2714
2659
2715
2659
2660
2716
2661
2717
2661
2662
2718
2663
2719
2663
2664
2720
2665
2721
2665
2666
2722
2667
2723
2667
2724
2725
2669
2670
2726
2671
2727
2671
2672
2728
2673
2729
2673
2674
2730
2675
2731
2675
2676
2732
2677
2733
2677
2678
2734
2679
2735
2679
2680
2736
2681
2737
2681
2682
2738
2683
2739
2683
2684
2740
2685
2741
2685
2686
2742
2687
2743
2687
2688
2744
2689
2745
2689
2690
2746
2691
2747
2691
2692
2748
2693
2749
2693
2694
2750
2695
2751
2695
2696
2752
2697
2753
2697
2698
2754
2699
2755
2699
2700
2756
2701
2757
2701
2702
2758
2703
2759
2703
2704
2760
2705
2761
2705
2706
2762
2707
2763
2707
2708
2764
2709
2765
2709
2710
2766
2711
2767
2711
2712
2768
2713
2769
2713
2714
2770
2715
2771
2715
2716
2772
2717
2773
2717
2718
2774
2719
2775
2719
2720
2776
2721
2777
2721
2722
2778
2723
2779
2723
2724
2780
2725
2781
2725
2782
2783
2727
2728
2784
2729
2785
2729
2730
2786
2731
2787
2731
2732
2788
2733
2789
2733
2734
2790
2735
2791
2735
2736
2792
2737
2793
2737
2738
2794
2739
2795
2739
2740
2796
2741
2797
2741
2742
2798
2743
2799
2743
2744
2800
2745
2801
2745
2746
2802
2747
2803
2747
2748
2804
2749
2805
2749
2750
2806
2751
2807
2751
2752
2808
2753
2809
2753
2754
2810
2755
2811
2755
2756
2812
2757
2813
2757
2758
2814
2759
2815
2759
2760
2816
2761
2817
2761
2762
2818
2763
2819
2763
2764
2820
2765
2821
2765
2766
2822
2767
2823
2767
2768
2824
2769
2825
2769
2770
2826
2771
2827
2771
2772
2828
2773
2829
2773
2774
2830
2775
2831
2775
2776
2832
2777
2833
2777
2778
2834
2779
2835
2779
2780
2836
2781
2837
2781
2782
2838
2783
2839
2783
2840
2841
2785
2786
2842
2787
2843
2787
2788
2844
2789
2845
2789
2790
2846
2791
2847
2791
2792
2848
2793
2849
2793
2794
2850
2795
2851
2795
2796
2852
2797
2853
2797
2798
2854
2799
2855
2799
2800
2856
2801
2857
2801
2802
2858
2803
2859
2803
2804
2860
2805
2861
2805
2806
2862
2807
2863
2807
2808
2864
2809
2865
2809
2810
2866
2811
2867
2811
2812
2868
2813
2869
2813
2814
2870
2815
2871
2815
2816
2872
2817
2873
2817
2818
2874
2819
2875
2819
2820
2876
2821
2877
2821
2822
2878
2823
2879
2823
2824
2880
2825
2881
2825
2826
2882
2827
2883
2827
2828
2884
2829
2885
2829
2830
2886
2831
2887
2831
2832
2888
2833
2889
2833
2834
2890
2835
2891
2835
2836
2892
2837
2893
2837
2838
2894
2839
2895
2839
2840
2896
2841
2897
2841
2898
2899
2843
2844
2900
2845
2901
2845
2846
2902
2847
2903
2847
2848
2904
2849
2905
2849
2850
2906
2851
2907
2851
2852
2908
2853
2909
2853
2854
2910
2855
2911
2855
2856
2912
2857
2913
2857
2858
2914
2859
2915
2859
2860
2916
2861
2917
2861
2862
2918
2863
2919
2863
2864
2920
2865
2921
2865
2866
2922
2867
2923
2867
2868
2924
2869
2925
2869
2870
2926
2871
2927
2871
2872
2928
2873
2929
2873
2874
2930
2875
2931
2875
2876
2932
2877
2933
2877
2878
2934
2879
2935
2879
2880
2936
2881
2937
2881
2882
2938
2883
2939
2883
2884
2940
2885
2941
2885
2886
2942
2887
2943
2887
2888
2944
2889
2945
2889
2890
2946
2891
2947
2891
2892
2948
2893
2949
2893
2894
2950
2895
2951
2895
2896
2952
2897
2953
2897
2898
2954
2899
2955
2899
2956
2957
2901
2902
2958
2903
2959
2903
2904
2960
2905
2961
2905
2906
2962
2907
2963
2907
2908
2964
2909
2965
2909
2910
2966
2911
2967
2911
2912
2968
2913
2969
2913
2914
2970
2915
2971
2915
2916
2972
2917
2973
2917
2918
2974
2919
2975
2919
2920
2976
2921
2977
2921
2922
2978
2923
2979
2923
2924
2980
2925
2981
2925
2926
2982
2927
2983
2927
2928
2984
2929
2985
2929
2930
2986
2931
2987
2931
2932
2988
2933
2989
2933
2934
2990
2935
2991
2935
2936
2992
2937
2993
2937
2938
2994
2939
2995
2939
2940
2996
2941
2997
2941
2942
2998
2943
2999
2943
2944
3000
2945
3001
2945
2946
3002
2947
3003
2947
2948
3004
2949
3005
2949
2950
3006
2951
3007
2951
2952
3008
2953
3009
2953
2954
3010
2955
3011
2955
2956
3012
2957
3013
2957
3014
3015
2959
2960
3016
2961
3017
2961
2962
3018
2963
3019
2963
2964
3020
2965
3021
2965
2966
3022
2967
3023
2967
2968
3024
2969
3025
2969
2970
3026
2971
3027
2971
2972
3028
2973
3029
2973
2974
3030
2975
3031
2975
2976
3032
2977
3033
2977
2978
3034
2979
3035
2979
2980
3036
2981
3037
2981
2982
3038
2983
3039
2983
2984
3040
2985
3041
2985
2986
3042
2987
3043
2987
2988
3044
2989
3045
2989
2990
3046
2991
3047
2991
2992
3048
2993
3049
2993
2994
3050
2995
3051
2995
2996
3052
2997
3053
2997
2998
3054
2999
3055
2999
3000
3056
3001
3057
3001
3002
3058
3003
3059
3003
3004
3060
3005
3061
3005
3006
3062
3007
3063
3007
3008
3064
3009
3065
3009
3010
3066
3011
3067
3011
3012
3068
3013
3069
3013
3014
3070
3015
3071
3015
3072
3073
3017
3018
3074
3019
3075
3019
3020
3076
3021
3077
3021
3022
3078
3023
3079
3023
3024
3080
3025
3081
3025
3026
3082
3027
3083
3027
3028
3084
3029
3085
3029
3030
3086
3031
3087
3031
3032
3088
3033
3089
3033
3034
3090
3035
3091
3035
3036
3092
3037
3093
3037
3038
3094
3039
3095
3039
3040
3096
3041
3097
3041
3042
3098
3043
3099
3043
3044
3100
3045
3101
3045
3046
3102
3047
3103
3047
3048
3104
3049
3105
3049
3050
3106
3051
3107
3051
3052
3108
3053
3109
3053
3054
3110
3055
3111
3055
3056
3112
3057
3113
3057
3058
3114
3059
3115
3059
3060
3116
3061
3117
3061
3062
3118
3063
3119
3063
3064
3120
3065
3121
3065
3066
3122
3067
3123
3067
3068
3124
3069
3125
3069
3070
3126
3071
3127
3071
3072
3128
3073
3129
3073
3130
3131
3075
3076
3972
3077
4842
3077
3078
3942
3079
4812
3079
3080
3912
3081
4782
3081
3082
3882
3083
4752
3083
3084
3852
3085
4722
3085
3086
3822
3087
4692
3087
3088
3792
3089
4662
3089
3090
3762
3091
4632
3091
3092
3732
3093
4602
3093
3094
3702
3095
4572
3095
3096
3672
3097
4542
3097
3098
3642
3099
4512
3099
3100
3612
3101
4482
3101
3102
3582
3103
4452
3103
3104
3552
3105
4422
3105
3106
3522
3107
4392
3107
3108
3492
3109
4362
3109
3110
3462
3111
4332
3111
3112
3432
3113
4302
3113
3114
3402
3115
4272
3115
3116
3372
3117
4242
3117
3118
3342
3119
4212
3119
3120
3312
3121
4182
3121
3122
3282
3123
4152
3123
3124
3252
3125
4122
3125
3126
3222
3127
4092
3127
3128
3192
3129
4062
3129
3130
3162
3131
4032
3131
3132
4002
3133
3162
4002
3134
3163
4003
3135
3164
4004
3136
3165
4005
3137
3166
4006
3138
3167
4007
3139
3168
4008
3140
3169
4009
3141
3170
4010
3142
3171
4011
3143
3172
4012
3144
3173
4013
3145
3174
4014
3146
3175
4015
3147
3176
4016
3148
3177
4017
3149
3178
4018
3150
3179
4019
3151
3180
4020
3152
3181
4021
3153
3182
4022
3154
3183
4023
3155
3184
4024
3156
3185
4025
3157
3186
4026
3158
3187
4027
3159
3188
4028
3160
3189
4029
3161
3190
4030
3191
4031
3163
3192
4032
3164
3193
4033
3165
3194
4034
3166
3195
4035
3167
3196
4036
3168
3197
4037
3169
3198
4038
3170
3199
4039
3171
3200
4040
3172
3201
4041
3173
3202
4042
3174
3203
4043
3175
3204
4044
3176
3205
4045
3177
3206
4046
3178
3207
4047
3179
3208
4048
3180
3209
4049
3181
3210
4050
3182
3211
4051
3183
3212
4052
3184
3213
4053
3185
3214
4054
3186
3215
4055
3187
3216
4056
3188
3217
4057
3189
3218
4058
3190
3219
4059
3191
3220
4060
3221
4061
3193
3222
4062
3194
3223
4063
3195
3224
4064
3196
3225
4065
3197
3226
4066
3198
3227
4067
3199
3228
4068
3200
3229
4069
3201
3230
4070
3202
3231
4071
3203
3232
4072
3204
3233
4073
3205
3234
4074
3206
3235
4075
3207
3236
4076
3208
3237
4077
3209
3238
4078
3210
3239
4079
3211
3240
4080
3212
3241
4081
3213
3242
4082
3214
3243
4083
3215
3244
4084
3216
3245
4085
3217
3246
4086
3218
3247
4087
3219
3248
4088
3220
3249
4089
3221
3250
4090
3251
4091
3223
3252
4092
3224
3253
4093
3225
3254
4094
3226
3255
4095
3227
3256
4096
3228
3257
4097
3229
3258
4098
3230
3259
4099
3231
3260
4100
3232
3261
4101
3233
3262
4102
3234
3263
4103
3235
3264
4104
3236
3265
4105
3237
3266
4106
3238
3267
4107
3239
3268
4108
3240
3269
4109
3241
3270
4110
3242
3271
4111
3243
3272
4112
3244
3273
4113
3245
3274
4114
3246
3275
4115
3247
3276
4116
3248
3277
4117
3249
3278
4118
3250
3279
4119
3251
3280
4120
3281
4121
3253
3282
4122
3254
3283
4123
3255
3284
4124
3256
3285
4125
3257
3286
4126
3258
3287
4127
3259
3288
4128
3260
3289
4129
3261
3290
4130
3262
3291
4131
3263
3292
4132
3264
3293
4133
3265
3294
4134
3266
3295
4135
3267
3296
4136
3268
3297
4137
3269
3298
4138
3270
3299
4139
3271
3300
4140
3272
3301
4141
3273
3302
4142
3274
3303
4143
3275
3304
4144
3276
3305
4145
3277
3306
4146
3278
3307
4147
3279
3308
4148
3280
3309
4149
3281
3310
4150
3311
4151
3283
3312
4152
3284
3313
4153
3285
3314
4154
3286
3315
4155
3287
3316
4156
3288
3317
4157
3289
3318
4158
3290
3319
4159
3291
3320
4160
3292
3321
4161
3293
3322
4162
3294
3323
4163
3295
3324
4164
3296
3325
4165
3297
3326
4166
3298
3327
4167
3299
3328
4168
3300
3329
4169
3301
3330
4170
3302
3331
4171
3303
3332
4172
3304
3333
4173
3305
3334
4174
3306
3335
4175
3307
3336
4176
3308
3337
4177
3309
3338
4178
3310
3339
4179
3311
3340
4180
3341
4181
3313
3342
4182
3314
3343
4183
3315
3344
4184
3316
3345
4185
3317
3346
4186
3318
3347
4187
3319
3348
4188
3320
3349
4189
3321
3350
4190
3322
3351
4191
3323
3352
4192
3324
3353
4193
3325
3354
4194
3326
3355
4195
3327
3356
4196
3328
3357
4197
3329
3358
4198
3330
3359
4199
3331
3360
4200
3332
3361
4201
3333
3362
4202
3334
3363
4203
3335
3364
4204
3336
3365
4205
3337
3366
4206
3338
3367
4207
3339
3368
4208
3340
3369
4209
3341
3370
4210
3371
4211
3343
3372
4212
3344
3373
4213
3345
3374
4214
3346
3375
4215
3347
3376
4216
3348
3377
4217
3349
3378
4218
3350
3379
4219
3351
3380
4220
3352
3381
4221
3353
3382
4222
3354
3383
4223
3355
3384
4224
3356
3385
4225
3357
3386
4226
3358
3387
4227
3359
3388
4228
3360
3389
4229
3361
3390
4230
3362
3391
4231
3363
3392
4232
3364
3393
4233
3365
3394
4234
3366
3395
4235
3367
3396
4236
3368
3397
4237
3369
3398
4238
3370
3399
4239
3371
3400
4240
3401
4241
3373
3402
4242
3374
3403
4243
3375
3404
4244
3376
3405
4245
3377
3406
4246
3378
3407
4247
3379
3408
4248
3380
3409
4249
3381
3410
4250
3382
3411
4251
3383
3412
4252
3384
3413
4253
3385
3414
4254
3386
3415
4255
3387
3416
4256
3388
3417
4257
3389
3418
4258
3390
3419
4259
3391
3420
4260
3392
3421
4261
3393
3422
4262
3394
3423
4263
3395
3424
4264
3396
3425
4265
3397
3426
4266
3398
3427
4267
3399
3428
4268
3400
3429
4269
3401
3430
4270
3431
4271
3403
3432
4272
3404
3433
4273
3405
3434
4274
3406
3435
4275
3407
3436
4276
3408
3437
4277
3409
3438
4278
3410
3439
4279
3411
3440
4280
3412
3441
4281
3413
3442
4282
3414
3443
4283
3415
3444
4284
3416
3445
4285
3417
3446
4286
3418
3447
4287
3419
3448
4288
3420
3449
4289
3421
3450
4290
3422
3451
4291
3423
3452
4292
3424
3453
4293
3425
3454
4294
3426
3455
4295
3427
3456
4296
3428
3457
4297
3429
3458
4298
3430
3459
4299
3431
3460
4300
3461
4301
3433
3462
4302
3434
3463
4303
3435
3464
4304
3436
3465
4305
3437
3466
4306
3438
3467
4307
3439
3468
4308
3440
3469
4309
3441
3470
4310
3442
3471
4311
3443
3472
4312
3444
3473
4313
3445
3474
4314
3446
3475
4315
3447
3476
4316
3448
3477
4317
3449
3478
4318
3450
3479
4319
3451
3480
4320
3452
3481
4321
3453
3482
4322
3454
3483
4323
3455
3484
4324
3456
3485
4325
3457
3486
4326
3458
3487
4327
3459
3488
4328
3460
3489
4329
3461
3490
4330
3491
4331
3463
3492
4332
3464
3493
4333
3465
3494
4334
3466
3495
4335
3467
3496
4336
3468
3497
4337
3469
3498
4338
3470
3499
4339
3471
3500
4340
3472
3501
4341
3473
3502
4342
3474
3503
4343
3475
3504
4344
3476
3505
4345
3477
3506
4346
3478
3507
4347
3479
3508
4348
3480
3509
4349
3481
3510
4350
3482
3511
4351
3483
3512
4352
3484
3513
4353
3485
3514
4354
3486
3515
4355
3487
3516
4356
3488
3517
4357
3489
3518
4358
3490
3519
4359
3491
3520
4360
3521
4361
3493
3522
4362
3494
3523
4363
3495
3524
4364
3496
3525
4365
3497
3526
4366
3498
3527
4367
3499
3528
4368
3500
3529
4369
3501
3530
4370
3502
3531
4371
3503
3532
4372
3504
3533
4373
3505
3534
4374
3506
3535
4375
3507
3536
4376
3508
3537
4377
3509
3538
4378
3510
3539
4379
3511
3540
4380
3512
3541
4381
3513
3542
4382
3514
3543
4383
3515
3544
4384
3516
3545
4385
3517
3546
4386
3518
3547
4387
3519
3548
4388
3520
3549
4389
3521
3550
4390
3551
4391
3523
3552
4392
3524
3553
4393
3525
3554
4394
3526
3555
4395
3527
3556
4396
3528
3557
4397
3529
3558
4398
3530
3559
4399
3531
3560
4400
3532
3561
4401
3533
3562
4402
3534
3563
4403
3535
3564
4404
3536
3565
4405
3537
3566
4406
3538
3567
4407
3539
3568
4408
3540
3569
4409
3541
3570
4410
3542
3571
4411
3543
3572
4412
3544
3573
4413
3545
3574
4414
3546
3575
4415
3547
3576
4416
3548
3577
4417
3549
3578
4418
3550
3579
4419
3551
3580
4420
3581
4421
3553
3582
4422
3554
3583
4423
3555
3584
4424
3556
3585
4425
3557
3586
4426
3558
3587
4427
3559
3588
4428
3560
3589
4429
3561
3590
4430
3562
3591
4431
3563
3592
4432
3564
3593
4433
3565
3594
4434
3566
3595
4435
3567
3596
4436
3568
3597
4437
3569
3598
4438
3570
3599
4439
3571
3600
4440
3572
3601
4441
3573
3602
4442
3574
3603
4443
3575
3604
4444
3576
3605
4445
3577
3606
4446
3578
3607
4447
3579
3608
4448
3580
3609
4449
3581
3610
4450
3611
4451
3583
3612
4452
3584
3613
4453
3585
3614
4454
3586
3615
4455
3587
3616
4456
3588
3617
4457
3589
3618
4458
3590
3619
4459
3591
3620
4460
3592
3621
4461
3593
3622
4462
3594
3623
4463
3595
3624
4464
3596
3625
4465
3597
3626
4466
3598
3627
4467
3599
3628
4468
3600
3629
4469
3601
3630
4470
3602
3631
4471
3603
3632
4472
3604
3633
4473
3605
3634
4474
3606
3635
4475
3607
3636
4476
3608
3637
4477
3609
3638
4478
3610
3639
4479
3611
3640
4480
3641
4481
3613
3642
4482
3614
3643
4483
3615
3644
4484
3616
3645
4485
3617
3646
4486
3618
3647
4487
3619
3648
4488
3620
3649
4489
3621
3650
4490
3622
3651
4491
3623
3652
4492
3624
3653
4493
3625
3654
4494
3626
3655
4495
3627
3656
4496
3628
3657
4497
3629
3658
4498
3630
3659
4499
3631
3660
4500
3632
3661
4501
3633
3662
4502
3634
3663
4503
3635
3664
4504
3636
3665
4505
3637
3666
4506
3638
3667
4507
3639
3668
4508
3640
3669
4509
3641
3670
4510
3671
4511
3643
3672
4512
3644
3673
4513
3645
3674
4514
3646
3675
4515
3647
3676
4516
3648
3677
4517
3649
3678
4518
3650
3679
4519
3651
3680
4520
3652
3681
4521
3653
3682
4522
3654
3683
4523
3655
3684
4524
3656
3685
4525
3657
3686
4526
3658
3687
4527
3659
3688
4528
3660
3689
4529
3661
3690
4530
3662
3691
4531
3663
3692
4532
3664
3693
4533
3665
3694
4534
3666
3695
4535
3667
3696
4536
3668
3697
4537
3669
3698
4538
3670
3699
4539
3671
3700
4540
3701
4541
3673
3702
4542
3674
3703
4543
3675
3704
4544
3676
3705
4545
3677
3706
4546
3678
3707
4547
3679
3708
4548
3680
3709
4549
3681
3710
4550
3682
3711
4551
3683
3712
4552
3684
3713
4553
3685
3714
4554
3686
3715
4555
3687
3716
4556
3688
3717
4557
3689
3718
4558
3690
3719
4559
3691
3720
4560
3692
3721
4561
3693
3722
4562
3694
3723
4563
3695
3724
4564
3696
3725
4565
3697
3726
4566
3698
3727
4567
3699
3728
4568
3700
3729
4569
3701
3730
4570
3731
4571
3703
3732
4572
3704
3733
4573
3705
3734
4574
3706
3735
4575
3707
3736
4576
3708
3737
4577
3709
3738
4578
3710
3739
4579
3711
3740
4580
3712
3741
4581
3713
3742
4582
3714
3743
4583
3715
3744
4584
3716
3745
4585
3717
3746
4586
3718
3747
4587
3719
3748
4588
3720
3749
4589
3721
3750
4590
3722
3751
4591
3723
3752
4592
3724
3753
4593
3725
3754
4594
3726
3755
4595
3727
3756
4596
3728
3757
4597
3729
3758
4598
3730
3759
4599
3731
3760
4600
3761
4601
3733
3762
4602
3734
3763
4603
3735
3764
4604
3736
3765
4605
3737
3766
4606
3738
3767
4607
3739
3768
4608
3740
3769
4609
3741
3770
4610
3742
3771
4611
3743
3772
4612
3744
3773
4613
3745
3774
4614
3746
3775
4615
3747
3776
4616
3748
3777
4617
3749
3778
4618
3750
3779
4619
3751
3780
4620
3752
3781
4621
3753
3782
4622
3754
3783
4623
3755
3784
4624
3756
3785
4625
3757
3786
4626
3758
3787
4627
3759
3788
4628
3760
3789
4629
3761
3790
4630
3791
4631
3763
3792
4632
3764
3793
4633
3765
3794
4634
3766
3795
4635
3767
3796
4636
3768
3797
4637
3769
3798
4638
3770
3799
4639
3771
3800
4640
3772
3801
4641
3773
3802
4642
3774
3803
4643
3775
3804
4644
3776
3805
4645
3777
3806
4646
3778
3807
4647
3779
3808
4648
3780
3809
4649
3781
3810
4650
3782
3811
4651
3783
3812
4652
3784
3813
4653
3785
3814
4654
3786
3815
4655
3787
3816
4656
3788
3817
4657
3789
3818
4658
3790
3819
4659
3791
3820
4660
3821
4661
3793
3822
4662
3794
3823
4663
3795
3824
4664
3796
3825
4665
3797
3826
4666
3798
3827
4667
3799
3828
4668
3800
3829
4669
3801
3830
4670
3802
3831
4671
3803
3832
4672
3804
3833
4673
3805
3834
4674
3806
3835
4675
3807
3836
4676
3808
3837
4677
3809
3838
4678
3810
3839
4679
3811
3840
4680
3812
3841
4681
3813
3842
4682
3814
3843
4683
3815
3844
4684
3816
3845
4685
3817
3846
4686
3818
3847
4687
3819
3848
4688
3820
3849
4689
3821
3850
4690
3851
4691
3823
3852
4692
3824
3853
4693
3825
3854
4694
3826
3855
4695
3827
3856
4696
3828
3857
4697
3829
3858
4698
3830
3859
4699
3831
3860
4700
3832
3861
4701
3833
3862
4702
3834
3863
4703
3835
3864
4704
3836
3865
4705
3837
3866
4706
3838
3867
4707
3839
3868
4708
3840
3869
4709
3841
3870
4710
3842
3871
4711
3843
3872
4712
3844
3873
4713
3845
3874
4714
3846
3875
4715
3847
3876
4716
3848
3877
4717
3849
3878
4718
3850
3879
4719
3851
3880
4720
3881
4721
3853
3882
4722
3854
3883
4723
3855
3884
4724
3856
3885
4725
3857
3886
4726
3858
3887
4727
3859
3888
4728
3860
3889
4729
3861
3890
4730
3862
3891
4731
3863
3892
4732
3864
3893
4733
3865
3894
4734
3866
3895
4735
3867
3896
4736
3868
3897
4737
3869
3898
4738
3870
3899
4739
3871
3900
4740
3872
3901
4741
3873
3902
4742
3874
3903
4743
3875
3904
4744
3876
3905
4745
3877
3906
4746
3878
3907
4747
3879
3908
4748
3880
3909
4749
3881
3910
4750
3911
4751
3883
3912
4752
3884
3913
4753
3885
3914
4754
3886
3915
4755
3887
3916
4756
3888
3917
4757
3889
3918
4758
3890
3919
4759
3891
3920
4760
3892
3921
4761
3893
3922
4762
3894
3923
4763
3895
3924
4764
3896
3925
4765
3897
3926
4766
3898
3927
4767
3899
3928
4768
3900
3929
4769
3901
3930
4770
3902
3931
4771
3903
3932
4772
3904
3933
4773
3905
3934
4774
3906
3935
4775
3907
3936
4776
3908
3937
4777
3909
3938
4778
3910
3939
4779
3911
3940
4780
3941
4781
3913
3942
4782
3914
3943
4783
3915
3944
4784
3916
3945
4785
3917
3946
4786
3918
3947
4787
3919
3948
4788
3920
3949
4789
3921
3950
4790
3922
3951
4791
3923
3952
4792
3924
3953
4793
3925
3954
4794
3926
3955
4795
3927
3956
4796
3928
3957
4797
3929
3958
4798
3930
3959
4799
3931
3960
4800
3932
3961
4801
3933
3962
4802
3934
3963
4803
3935
3964
4804
3936
3965
4805
3937
3966
4806
3938
3967
4807
3939
3968
4808
3940
3969
4809
3941
3970
4810
3971
4811
3943
3972
4812
3944
3973
4813
3945
3974
4814
3946
3975
4815
3947
3976
4816
3948
3977
4817
3949
3978
4818
3950
3979
4819
3951
3980
4820
3952
3981
4821
3953
3982
4822
3954
3983
4823
3955
3984
4824
3956
3985
4825
3957
3986
4826
3958
3987
4827
3959
3988
4828
3960
3989
4829
3961
3990
4830
3962
3991
4831
3963
3992
4832
3964
3993
4833
3965
3994
4834
3966
3995
4835
3967
3996
4836
3968
3997
4837
3969
3998
4838
3970
3999
4839
3971
4000
4840
4001
4841
3973
4842
3974
4843
3975
4844
3976
4845
3977
4846
3978
4847
3979
4848
3980
4849
3981
4850
3982
4851
3983
4852
3984
4853
3985
4854
3986
4855
3987
4856
3988
4857
3989
4858
3990
4859
3991
4860
3992
4861
3993
4862
3994
4863
3995
4864
3996
4865
3997
4866
3998
4867
3999
4868
4000
4869
4001
4870
4871
4003
4032
4004
4033
4005
4034
4006
4035
4007
4036
4008
4037
4009
4038
4010
4039
4011
4040
4012
4041
4013
4042
4014
4043
4015
4044
4016
4045
4017
4046
4018
4047
4019
4048
4020
4049
4021
4050
4022
4051
4023
4052
4024
4053
4025
4054
4026
4055
4027
4056
4028
4057
4029
4058
4030
4059
4031
4060
4061
4033
4062
4034
4063
4035
4064
4036
4065
4037
4066
4038
4067
4039
4068
4040
4069
4041
4070
4042
4071
4043
4072
4044
4073
4045
4074
4046
4075
4047
4076
4048
4077
4049
4078
4050
4079
4051
4080
4052
4081
4053
4082
4054
4083
4055
4084
4056
4085
4057
4086
4058
4087
4059
4088
4060
4089
4061
4090
4091
4063
4092
4064
4093
4065
4094
4066
4095
4067
4096
4068
4097
4069
4098
4070
4099
4071
4100
4072
4101
4073
4102
4074
4103
4075
4104
4076
4105
4077
4106
4078
4107
4079
4108
4080
4109
4081
4110
4082
4111
4083
4112
4084
4113
4085
4114
4086
4115
4087
4116
4088
4117
4089
4118
4090
4119
4091
4120
4121
4093
4122
4094
4123
4095
4124
4096
4125
4097
4126
4098
4127
4099
4128
4100
4129
4101
4130
4102
4131
4103
4132
4104
4133
4105
4134
4106
4135
4107
4136
4108
4137
4109
4138
4110
4139
4111
4140
4112
4141
4113
4142
4114
4143
4115
4144
4116
4145
4117
4146
4118
4147
4119
4148
4120
4149
4121
4150
4151
4123
4152
4124
4153
4125
4154
4126
4155
4127
4156
4128
4157
4129
4158
4130
4159
4131
4160
4132
4161
4133
4162
4134
4163
4135
4164
4136
4165
4137
4166
4138
4167
4139
4168
4140
4169
4141
4170
4142
4171
4143
4172
4144
4173
4145
4174
4146
4175
4147
4176
4148
4177
4149
4178
4150
4179
4151
4180
4181
4153
4182
4154
4183
4155
4184
4156
4185
4157
4186
4158
4187
4159
4188
4160
4189
4161
4190
4162
4191
4163
4192
4164
4193
4165
4194
4166
4195
4167
4196
4168
4197
4169
4198
4170
4199
4171
4200
4172
4201
4173
4202
4174
4203
4175
4204
4176
4205
4177
4206
4178
4207
4179
4208
4180
4209
4181
4210
4211
4183
4212
4184
4213
4185
4214
4186
4215
4187
4216
4188
4217
4189
4218
4190
4219
4191
4220
4192
4221
4193
4222
4194
4223
4195
4224
4196
4225
4197
4226
4198
4227
4199
4228
4200
4229
4201
4230
4202
4231
4203
4232
4204
4233
4205
4234
4206
4235
4207
4236
4208
4237
4209
4238
4210
4239
4211
4240
4241
4213
4242
4214
4243
4215
4244
4216
4245
4217
4246
4218
4247
4219
4248
4220
4249
4221
4250
4222
4251
4223
4252
4224
4253
4225
4254
4226
4255
4227
4256
4228
4257
4229
4258
4230
4259
4231
4260
4232
4261
4233
4262
4234
4263
4235
4264
4236
4265
4237
4266
4238
4267
4239
4268
4240
4269
4241
4270
4271
4243
4272
4244
4273
4245
4274
4246
4275
4247
4276
4248
4277
4249
4278
4250
4279
4251
4280
4252
4281
4253
4282
4254
4283
4255
4284
4256
4285
4257
4286
4258
4287
4259
4288
4260
4289
4261
4290
4262
4291
4263
4292
4264
4293
4265
4294
4266
4295
4267
4296
4268
4297
4269
4298
4270
4299
4271
4300
4301
4273
4302
4274
4303
4275
4304
4276
4305
4277
4306
4278
4307
4279
4308
4280
4309
4281
4310
4282
4311
4283
4312
4284
4313
4285
4314
4286
4315
4287
4316
4288
4317
4289
4318
4290
4319
4291
4320
4292
4321
4293
4322
4294
4323
4295
4324
4296
4325
4297
4326
4298
4327
4299
4328
4300
4329
4301
4330
4331
4303
4332
4304
4333
4305
4334
4306
4335
4307
4336
4308
4337
4309
4338
4310
4339
4311
4340
4312
4341
4313
4342
4314
4343
4315
4344
4316
4345
4317
4346
4318
4347
4319
4348
4320
4349
4321
4350
4322
4351
4323
4352
4324
4353
4325
4354
4326
4355
4327
4356
4328
4357
4329
4358
4330
4359
4331
4360
4361
4333
4362
4334
4363
4335
4364
4336
4365
4337
4366
4338
4367
4339
4368
4340
4369
4341
4370
4342
4371
4343
4372
4344
4373
4345
4374
4346
4375
4347
4376
4348
4377
4349
4378
4350
4379
4351
4380
4352
4381
4353
4382
4354
4383
4355
4384
4356
4385
4357
4386
4358
4387
4359
4388
4360
4389
4361
4390
4391
4363
4392
4364
4393
4365
4394
4366
4395
4367
4396
4368
4397
4369
4398
4370
4399
4371
4400
4372
4401
4373
4402
4374
4403
4375
4404
4376
4405
4377
4406
4378
4407
4379
4408
4380
4409
4381
4410
4382
4411
4383
4412
4384
4413
4385
4414
4386
4415
4387
4416
4388
4417
4389
4418
4390
4419
4391
4420
4421
4393
4422
4394
4423
4395
4424
4396
4425
4397
4426
4398
4427
4399
4428
4400
4429
4401
4430
4402
4431
4403
4432
4404
4433
4405
4434
4406
4435
4407
4436
4408
4437
4409
4438
4410
4439
4411
4440
4412
4441
4413
4442
4414
4443
4415
4444
4416
4445
4417
4446
4418
4447
4419
4448
4420
4449
4421
4450
4451
4423
4452
4424
4453
4425
4454
4426
4455
4427
4456
4428
4457
4429
4458
4430
4459
4431
4460
4432
4461
4433
4462
4434
4463
4435
4464
4436
4465
4437
4466
4438
4467
4439
4468
4440
4469
4441
4470
4442
4471
4443
4472
4444
4473
4445
4474
4446
4475
4447
4476
4448
4477
4449
4478
4450
4479
4451
4480
4481
4453
4482
4454
4483
4455
4484
4456
4485
4457
4486
4458
4487
4459
4488
4460
4489
4461
4490
4462
4491
4463
4492
4464
4493
4465
4494
4466
4495
4467
4496
4468
4497
4469
4498
4470
4499
4471
4500
4472
4501
4473
4502
4474
4503
4475
4504
4476
4505
4477
4506
4478
4507
4479
4508
4480
4509
4481
4510
4511
4483
4512
4484
4513
4485
4514
4486
4515
4487
4516
4488
4517
4489
4518
4490
4519
4491
4520
4492
4521
4493
4522
4494
4523
4495
4524
4496
4525
4497
4526
4498
4527
4499
4528
4500
4529
4501
4530
4502
4531
4503
4532
4504
4533
4505
4534
4506
4535
4507
4536
4508
4537
4509
4538
4510
4539
4511
4540
4541
4513
4542
4514
4543
4515
4544
4516
4545
4517
4546
4518
4547
4519
4548
4520
4549
4521
4550
4522
4551
4523
4552
4524
4553
4525
4554
4526
4555
4527
4556
4528
4557
4529
4558
4530
4559
4531
4560
4532
4561
4533
4562
4534
4563
4535
4564
4536
4565
4537
4566
4538
4567
4539
4568
4540
4569
4541
4570
4571
4543
4572
4544
4573
4545
4574
4546
4575
4547
4576
4548
4577
4549
4578
4550
4579
4551
4580
4552
4581
4553
4582
4554
4583
4555
4584
4556
4585
4557
4586
4558
4587
4559
4588
4560
4589
4561
4590
4562
4591
4563
4592
4564
4593
4565
4594
4566
4595
4567
4596
4568
4597
4569
4598
4570
4599
4571
4600
4601
4573
4602
4574
4603
4575
4604
4576
4605
4577
4606
4578
4607
4579
4608
4580
4609
4581
4610
4582
4611
4583
4612
4584
4613
4585
4614
4586
4615
4587
4616
4588
4617
4589
4618
4590
4619
4591
4620
4592
4621
4593
4622
4594
4623
4595
4624
4596
4625
4597
4626
4598
4627
4599
4628
4600
4629
4601
4630
4631
4603
4632
4604
4633
4605
4634
4606
4635
4607
4636
4608
4637
4609
4638
4610
4639
4611
4640
4612
4641
4613
4642
4614
4643
4615
4644
4616
4645
4617
4646
4618
4647
4619
4648
4620
4649
4621
4650
4622
4651
4623
4652
4624
4653
4625
4654
4626
4655
4627
4656
4628
4657
4629
4658
4630
4659
4631
4660
4661
4633
4662
4634
4663
4635
4664
4636
4665
4637
4666
4638
4667
4639
4668
4640
4669
4641
4670
4642
4671
4643
4672
4644
4673
4645
4674
4646
4675
4647
4676
4648
4677
4649
4678
4650
4679
4651
4680
4652
4681
4653
4682
4654
4683
4655
4684
4656
4685
4657
4686
4658
4687
4659
4688
4660
4689
4661
4690
4691
4663
4692
4664
4693
4665
4694
4666
4695
4667
4696
4668
4697
4669
4698
4670
4699
4671
4700
4672
4701
4673
4702
4674
4703
4675
4704
4676
4705
4677
4706
4678
4707
4679
4708
4680
4709
4681
4710
4682
4711
4683
4712
4684
4713
4685
4714
4686
4715
4687
4716
4688
4717
4689
4718
4690
4719
4691
4720
4721
4693
4722
4694
4723
4695
4724
4696
4725
4697
4726
4698
4727
4699
4728
4700
4729
4701
4730
4702
4731
4703
4732
4704
4733
4705
4734
4706
4735
4707
4736
4708
4737
4709
4738
4710
4739
4711
4740
4712
4741
4713
4742
4714
4743
4715
4744
4716
4745
4717
4746
4718
4747
4719
4748
4720
4749
4721
4750
4751
4723
4752
4724
4753
4725
4754
4726
4755
4727
4756
4728
4757
4729
4758
4730
4759
4731
4760
4732
4761
4733
4762
4734
4763
4735
4764
4736
4765
4737
4766
4738
4767
4739
4768
4740
4769
4741
4770
4742
4771
4743
4772
4744
4773
4745
4774
4746
4775
4747
4776
4748
4777
4749
4778
4750
4779
4751
4780
4781
4753
4782
4754
4783
4755
4784
4756
4785
4757
4786
4758
4787
4759
4788
4760
4789
4761
4790
4762
4791
4763
4792
4764
4793
4765
4794
4766
4795
4767
4796
4768
4797
4769
4798
4770
4799
4771
4800
4772
4801
4773
4802
4774
4803
4775
4804
4776
4805
4777
4806
4778
4807
4779
4808
4780
4809
4781
4810
4811
4783
4812
4784
4813
4785
4814
4786
4815
4787
4816
4788
4817
4789
4818
4790
4819
4791
4820
4792
4821
4793
4822
4794
4823
4795
4824
4796
4825
4797
4826
4798
4827
4799
4828
4800
4829
4801
4830
4802
4831
4803
4832
4804
4833
4805
4834
4806
4835
4807
4836
4808
4837
4809
4838
4810
4839
4811
4840
4841
4813
4842
4814
4843
4815
4844
4816
4845
4817
4846
4818
4847
4819
4848
4820
4849
4821
4850
4822
4851
4823
4852
4824
4853
4825
4854
4826
4855
4827
4856
4828
4857
4829
4858
4830
4859
4831
4860
4832
4861
4833
4862
4834
4863
4835
4864
4836
4865
4837
4866
4838
4867
4839
4868
4840
4869
4841
4870
4871
4843
4844
4845
4846
4847
4848
4849
4850
4851
4852
4853
4854
4855
4856
4857
4858
4859
4860
4861
4862
4863
4864
4865
4866
4867
4868
4869
4870
4871
)


// ************************************************************************* //
