/*--------------------------------*- C++ -*----------------------------------*\
| =========                 |                                                 |
| \\      /  F ield         | OpenFOAM: The Open Source CFD Toolbox           |
|  \\    /   O peration     | Version:  1.7.x                                 |
|   \\  /    A nd           | Web:      www.OpenFOAM.com                      |
|    \\/     M anipulation  |                                                 |
\*---------------------------------------------------------------------------*/
FoamFile
{
    version     2.0;
    format      ascii;
    class       faceSet;
    location    "constant/polyMesh/sets";
    object      nonOrthoFaces;
}
// * * * * * * * * * * * * * * * * * * * * * * * * * * * * * * * * * * * * * //


1279
(
229471 
475272 
475273 
475275 
475276 
475278 
475279 
475281 
475282 
475284 
475285 
229532 
475307 
475308 
475310 
475311 
475313 
475314 
475316 
475317 
475319 
475320 
475342 
475343 
475345 
475346 
475348 
475349 
475351 
475352 
229593 
475377 
475378 
475380 
475381 
475383 
475384 
475386 
475387 
475412 
475413 
475415 
475416 
475418 
475419 
475447 
475448 
475450 
475451 
475680 
475681 
475683 
475684 
475686 
475687 
475689 
475690 
475692 
475693 
475715 
475716 
475718 
475719 
475721 
475722 
475724 
475725 
475727 
475728 
475750 
475751 
475753 
475754 
475756 
475757 
475759 
475760 
475785 
475786 
475788 
475789 
475791 
475792 
475794 
475795 
475820 
475821 
475823 
475824 
475826 
475827 
475855 
475856 
475858 
475859 
230183 
230244 
230305 
271280 
271282 
476088 
476089 
476091 
476092 
476094 
476095 
476097 
476098 
476100 
476101 
476123 
476124 
476126 
476127 
476129 
476130 
476132 
476133 
476135 
476136 
476158 
476159 
476161 
476162 
476164 
476165 
476167 
476168 
271392 
476193 
476194 
476196 
476197 
271397 
476199 
271399 
476200 
271401 
476202 
476203 
476228 
476229 
476231 
476232 
476234 
476235 
476263 
476264 
476266 
476267 
271483 
271487 
271488 
271490 
271572 
271576 
271577 
271579 
271661 
271665 
271666 
271668 
476496 
476497 
476499 
476500 
476502 
476503 
476505 
476506 
476508 
476509 
476531 
476532 
476534 
476535 
476537 
476538 
476540 
476541 
476543 
476544 
271750 
271754 
271755 
271757 
476566 
476567 
476569 
476570 
476572 
476573 
476575 
476576 
476601 
476602 
476604 
476605 
476607 
476608 
476610 
476611 
476636 
476637 
476639 
271839 
476640 
476642 
476643 
271843 
271844 
271846 
230895 
476671 
476672 
476674 
476675 
230956 
271928 
271932 
271933 
271935 
231017 
272017 
272021 
272022 
272024 
476904 
476905 
272106 
476907 
476908 
476910 
272110 
476911 
272111 
476913 
272113 
476914 
476916 
476917 
476939 
476940 
476942 
476943 
476945 
476946 
476948 
476949 
476951 
476952 
476974 
476975 
476977 
476978 
476980 
476981 
476983 
476984 
272195 
272199 
272200 
272202 
477009 
477010 
477012 
477013 
477015 
477016 
477018 
477019 
477044 
477045 
477047 
477048 
477050 
477051 
477079 
477080 
477082 
477083 
272284 
272288 
272289 
272291 
272373 
272377 
272378 
272380 
272462 
272466 
272467 
272469 
477312 
477313 
477315 
477316 
477318 
477319 
477321 
477322 
477324 
477325 
477347 
477348 
477350 
477351 
272551 
477353 
477354 
272555 
477356 
272556 
477357 
272558 
477359 
477360 
231607 
477382 
477383 
477385 
477386 
477388 
477389 
477391 
477392 
477417 
477418 
477420 
477421 
477423 
477424 
477426 
477427 
231668 
272640 
272644 
272645 
272647 
477452 
477453 
477455 
477456 
477458 
477459 
477487 
477488 
231729 
477490 
477491 
272729 
272733 
272734 
272736 
272818 
272822 
272823 
272825 
272907 
272911 
272912 
272914 
477720 
477721 
510490 
477723 
477724 
477726 
477727 
477729 
477730 
477732 
477733 
510523 
477755 
477756 
477758 
510527 
477759 
477761 
477762 
477764 
477765 
477767 
477768 
477790 
477791 
510560 
477793 
477794 
510564 
477796 
272996 
477797 
289382 
477799 
477800 
273000 
273001 
273002 
477825 
477826 
477828 
510597 
477829 
477831 
477832 
510601 
477834 
477835 
477860 
477861 
477863 
477864 
510634 
477866 
477867 
510638 
273085 
273088 
477895 
477896 
477898 
477899 
510671 
510675 
289497 
289501 
510708 
510712 
510745 
510749 
289587 
289590 
510782 
510786 
510819 
510823 
232319 
510856 
510860 
289676 
289679 
510893 
478128 
510897 
478129 
478131 
478132 
478134 
478135 
478137 
478138 
478140 
232380 
478141 
510930 
478163 
478164 
510934 
478166 
478167 
478169 
478170 
478172 
478173 
478175 
478176 
289765 
289768 
478198 
510967 
478199 
478201 
232441 
478202 
510971 
478204 
478205 
478207 
478208 
478233 
478234 
511004 
478236 
478237 
478239 
511008 
478240 
478242 
478243 
478268 
478269 
289854 
478271 
478272 
511041 
289857 
478274 
478275 
511045 
478303 
478304 
478306 
478307 
511078 
511082 
511115 
511119 
584850 
584852 
289943 
289946 
511152 
511156 
584891 
584896 
584899 
584901 
511189 
511193 
584940 
290032 
584945 
290035 
584948 
584949 
511226 
511230 
584979 
584982 
511263 
511267 
511300 
511304 
478536 
478537 
290121 
478539 
478540 
290124 
478542 
478543 
478545 
478546 
478548 
478549 
511337 
478571 
478572 
511341 
478574 
478575 
478577 
478578 
478580 
478581 
478583 
478584 
511374 
478606 
478607 
478609 
511378 
478610 
478612 
478613 
478615 
478616 
290210 
290213 
478641 
478642 
511411 
478644 
478645 
511415 
478647 
478648 
478650 
478651 
478676 
478677 
478679 
511448 
478680 
478682 
478683 
511452 
478711 
478712 
478714 
478715 
290299 
511485 
290302 
511489 
511522 
511525 
511547 
511549 
233031 
290388 
290391 
511580 
511586 
511617 
233092 
511623 
511654 
511660 
290477 
290480 
233153 
511691 
511697 
478944 
478945 
478947 
478948 
478950 
478951 
478953 
478954 
478956 
478957 
511728 
511734 
478979 
478980 
478982 
290566 
478983 
478985 
290569 
478986 
478988 
478989 
478991 
478992 
511765 
511771 
479014 
479015 
479017 
479018 
479020 
479021 
479023 
479024 
511802 
511808 
479049 
479050 
479052 
479053 
479055 
479056 
479058 
479059 
511839 
290655 
290658 
511845 
479084 
479085 
479087 
479088 
479090 
479091 
511876 
511882 
479119 
479120 
479122 
479123 
511913 
511919 
290744 
290747 
511950 
511956 
511987 
511993 
290833 
290836 
512024 
512030 
512061 
512067 
512098 
512104 
290922 
290925 
479352 
479353 
479355 
479356 
479358 
479359 
479361 
479362 
479364 
479365 
512135 
512141 
479387 
479388 
479390 
479391 
479393 
479394 
479396 
479397 
479399 
479400 
512172 
512178 
479422 
479423 
479425 
479426 
291011 
479428 
479429 
291014 
479431 
479432 
512209 
512215 
479457 
479458 
479460 
479461 
479463 
479464 
479466 
479467 
512246 
512252 
479492 
479493 
479495 
479496 
479498 
479499 
233743 
512283 
291100 
291102 
512289 
479527 
479528 
479530 
479531 
512320 
512326 
233804 
512357 
512363 
291188 
291190 
233865 
512394 
512400 
512431 
512437 
512468 
512474 
291302 
291309 
512505 
512511 
479760 
479761 
479763 
479764 
479766 
479767 
479769 
479770 
479772 
479773 
512542 
512548 
479795 
479796 
479798 
479799 
479801 
479802 
479804 
479805 
479807 
479808 
291393 
512579 
291398 
512585 
479830 
479831 
479833 
479834 
479836 
479837 
512606 
479839 
479840 
479865 
479866 
479868 
479869 
479871 
479872 
479874 
479875 
291482 
479900 
479901 
479903 
291487 
479904 
479906 
479907 
479935 
479936 
479938 
479939 
291571 
291576 
291660 
291665 
291749 
480168 
480169 
480170 
291754 
480171 
480172 
480173 
480174 
480175 
480176 
480177 
480191 
480192 
480193 
480194 
480195 
480196 
480197 
480198 
480199 
480200 
480214 
480215 
234455 
480216 
480217 
480218 
480219 
480220 
480221 
480237 
480238 
480239 
480240 
480241 
480242 
480243 
480244 
291838 
291843 
480260 
480261 
480262 
480263 
480264 
480265 
234516 
480283 
480284 
480285 
480286 
234577 
291927 
291932 
480432 
292016 
480434 
292021 
324792 
324794 
480473 
480478 
480481 
480483 
324843 
324849 
324853 
324855 
292105 
480522 
292110 
480527 
480530 
480532 
324894 
324899 
324902 
324904 
480571 
226623 
480576 
480579 
480581 
324943 
324948 
324951 
324953 
292194 
292199 
480620 
480625 
480628 
480630 
226684 
324992 
324997 
325000 
325002 
480669 
480674 
480677 
480679 
325041 
325046 
325049 
226745 
325051 
292283 
292288 
480718 
480723 
480726 
480728 
325090 
325095 
325098 
325100 
480767 
480772 
480775 
480777 
325139 
292372 
325144 
292377 
325147 
325149 
480816 
480821 
480824 
480826 
341562 
325188 
325193 
325196 
325198 
480865 
480870 
341606 
480873 
480875 
341611 
292461 
292466 
325237 
325242 
325245 
325247 
341644 
341648 
480914 
480919 
480922 
480924 
235167 
325286 
325291 
325294 
325296 
341681 
341685 
480963 
292550 
480968 
480971 
292555 
480973 
341718 
325335 
341722 
325340 
235228 
325343 
325345 
481012 
481017 
341755 
481020 
481022 
341759 
325384 
325389 
325392 
325394 
235289 
292639 
341792 
341796 
292644 
481061 
481066 
481069 
481071 
325433 
325438 
325441 
325443 
341829 
341833 
481110 
481115 
481118 
481120 
341866 
325482 
341870 
325487 
325490 
325492 
292728 
292733 
481159 
587660 
481164 
481167 
341903 
481169 
341907 
325531 
325536 
325539 
325540 
587693 
587697 
341940 
481208 
341944 
481213 
481216 
481218 
325570 
325573 
292817 
587730 
587733 
292822 
341977 
341981 
481257 
587755 
587757 
481262 
481265 
481267 
342014 
342018 
227335 
587788 
587794 
481306 
481311 
481314 
342051 
481316 
342055 
292906 
292911 
587825 
587831 
227396 
342088 
481355 
587852 
342092 
481360 
481363 
481365 
342125 
342128 
481404 
481409 
227457 
292995 
481412 
481414 
342150 
342152 
481453 
342193 
481458 
481461 
481463 
342201 
342232 
481502 
342238 
481507 
481510 
481512 
342269 
342275 
481551 
481556 
481559 
481561 
342306 
342312 
481600 
481605 
342343 
481608 
481610 
342349 
235879 
342380 
481649 
342386 
481654 
481657 
481659 
342417 
342423 
481698 
235940 
481703 
481706 
481708 
342454 
342460 
481747 
481752 
481755 
342491 
481757 
342497 
236001 
342528 
481796 
342534 
481801 
481804 
481805 
342565 
481835 
342571 
481838 
342602 
342608 
342639 
342645 
342676 
342682 
342713 
342719 
228047 
342740 
228108 
228169 
236590 
236631 
236672 
474456 
474457 
474459 
474460 
474462 
474463 
474465 
474466 
474468 
474469 
474491 
474492 
474494 
474495 
474497 
474498 
474500 
474501 
474503 
474504 
228759 
474526 
474527 
474529 
474530 
474532 
474533 
474535 
474536 
474561 
474562 
474564 
474565 
474567 
474568 
474570 
474571 
228820 
474596 
474597 
474599 
474600 
474602 
474603 
474631 
474632 
474634 
474635 
228881 
474864 
474865 
474867 
474868 
474870 
474871 
474873 
474874 
474876 
474877 
474899 
474900 
474902 
474903 
474905 
474906 
474908 
474909 
474911 
474912 
474934 
474935 
474937 
474938 
474940 
474941 
474943 
474944 
474969 
474970 
474972 
474973 
474975 
474976 
474978 
474979 
475004 
475005 
475007 
475008 
475010 
475011 
475039 
475040 
475042 
475043 
)

// ************************************************************************* //
