/*--------------------------------*- C++ -*----------------------------------*\
| =========                 |                                                 |
| \\      /  F ield         | OpenFOAM: The Open Source CFD Toolbox           |
|  \\    /   O peration     | Version:  2.1.0                                 |
|   \\  /    A nd           | Web:      www.OpenFOAM.org                      |
|    \\/     M anipulation  |                                                 |
\*---------------------------------------------------------------------------*/
FoamFile
{
    version     2.0;
    format      ascii;
    class       volScalarField;
    location    "10000";
    object      Frot;
}
// * * * * * * * * * * * * * * * * * * * * * * * * * * * * * * * * * * * * * //

dimensions      [0 0 0 0 0 0 0];

internalField   nonuniform List<scalar> 
15000
(
1.25
1.0025
1.11084
0
1.25
0
1.25
1.25
0
0
0
0
0
0
0
0
0
0
0
0
0
0
0
0
0
1.25
1.25
1.25
1.25
1.25
1.25
1.25
1.25
1.25
1.25
1.25
1.25
1.25
1.25
1.25
1.25
1.25
1.25
1.25
1.25
0
1.25
1.11808
1.03678
1.25
1.25
0.999049
1.02207
1.25
1.25
0
1.25
0
0
0
0
0
1.25
0
0
0
0
0
0
0
0
0
0
1.25
1.25
1.25
1.25
0
1.25
1.25
1.25
1.25
1.25
1.25
1.25
1.25
1.25
1.25
1.25
1.25
1.25
1.25
1.25
1.25
1.25
0
1.25
1.02374
1.00358
1.25
1.24776
1.00028
1.01292
1.25
1.25
0
1.25
0
1.25
1.25
1.25
1.25
1.25
1.25
1.25
0
1.25
1.25
1.25
1.25
1.25
0
0
1.25
1.25
1.25
0
0
0
0
0
0
0
0
0
0
0
0
0
0
0
0
1.25
0
1.25
0
1.25
1.01383
1.00067
1.24811
1.17888
0.999712
1.00586
1.25
1.25
0
1.25
0
1.25
0
1.25
1.25
0
1.25
1.25
1.25
1.25
1.25
1.25
1.25
0
1.25
1.25
0
0
0
0
0
0
0
0
0
0
0
0
0
0
0
0
0
1.25
0
1.25
0
1.25
1.25
1.25
1.00663
0.99915
1.17912
1.13239
0.999256
1.00287
1.06294
1.25
0
1.25
0
1.25
0
0
0
0
0
0
1.25
0
0
0
0
0
0
1.25
0
0
0
1.25
1.25
1.25
1.25
1.25
1.25
1.25
1.25
1.25
1.25
1.25
1.25
1.25
1.25
1.25
0
1.25
0
1.25
1.25
1.05965
1.00358
0.998824
1.13251
1.10045
0.999065
1.00174
1.01317
1.25
0
1.25
0
1.25
0
1.25
0
0
1.25
1.25
1.25
1.25
1.25
1.25
1.25
0
1.25
1.25
0
0
0
0
0
0
0
0
0
0
0
0
0
0
0
1.25
0
1.25
0
1.25
0
1.25
1.25
1.0104
1.00233
0.998854
1.10049
1.07792
0.99906
1.00128
1.00171
1.23631
1.25
1.25
0
1.25
0
1.25
0
1.25
0
0
0
0
1.25
0
0
0
1.25
0
1.25
0.201665
1.25
1.25
1.25
1.25
1.25
1.25
1.25
1.25
1.25
1.25
0
1.25
0
1.25
0
1.25
0
1.25
0
0
1.21356
0.999709
1.00169
0.998978
1.07793
1.06123
0.999155
1.00102
0.99911
1.05519
0
0
0
1.25
0
1.25
0
1.25
0
1.25
0
1.25
0
1.25
0
0
0
0
1.25
1.25
1.25
1.25
1.25
1.25
0
1.25
0
1.25
0
1.25
0
1.25
0
1.25
0
1.25
0
1.25
1.25
1.25
1.0508
0.997743
1.00128
0.999137
1.06123
1.04838
0.999291
1.0008
0.9987
1.01425
0.422385
0
1.25
1.25
0
1.25
0
1.25
0
1.25
0
0
1.25
0
1.25
0
1.25
0
1.25
1.25
1.25
1.25
1.25
0
1.25
0
1.25
1.25
0
1.25
0
1.25
0
1.25
0
1.25
0
1.25
1.25
1.25
1.01442
0.99782
1.00095
0.999293
1.04837
1.03826
0.999424
1.00062
0.998774
1.00502
0.742164
0
1.25
1.25
0
1.25
0
1.25
0
1.25
0
1.25
0
1.25
0
0
0
0
0.23979
1.25
1.25
0
0
0
0
1.25
0
1.25
0
1.25
0
1.25
0
1.25
0
1.25
0
0
1.25
1.25
1.00605
0.998223
1.00071
0.999426
1.03826
1.03023
0.999536
1.00048
0.998953
1.00251
0.866315
0
1.25
0
0
1.25
0
1.25
0
1.25
0
0
1.25
0
1.25
0
1.25
0
0
1.25
1.25
0
1.25
1.25
1.25
0
1.25
1.25
1.25
1.25
0
1.25
0
1.25
0
1.25
1.25
0
1.25
1.12699
1.00333
0.998624
1.00052
0.999539
1.03023
1.02384
0.999621
1.00035
0.99916
1.00137
0.95052
0
1.25
0
0
1.25
0
1.25
0
1.25
0
1.25
0
1.25
0
0
0
0
0
1.25
0
1.25
0
0
0
1.25
0
1.25
0
1.25
0
1.25
0
1.25
0
0
1.25
0
1.25
1.0108
1.00181
0.998954
1.00038
0.999624
1.02384
1.01879
0.999683
1.00025
0.999295
1.00089
0.980316
0
1.25
0
1.25
1.25
0
1.25
0
1.25
0
0
1.25
0
1.25
0
1.25
0
0
1.25
0
0
1.25
0
1.25
1.25
1.25
1.25
1.25
1.25
0
1.25
0
1.25
0
0
1.25
0
1.25
0.995331
1.00109
0.99918
1.00028
0.999685
1.01878
1.01479
0.999738
1.0002
0.999406
1.0006
0.991269
0
1.25
0
1.25
0
0
1.25
0
1.25
0
1.25
0
1.25
0
0
0
0
0
1.25
0
1.25
0
1.25
0
1.25
0
1.25
0
1.25
0
1.25
0
1.25
0
0
1.25
0
1.25
0.994583
1.00065
0.999357
1.00021
0.999739
1.01479
1.01164
0.999782
1.00017
0.999498
1.00038
0.995453
1.25
1.25
0
1.25
0
1.25
1.25
1.25
0
0
0
1.25
0
1.25
0
1.25
0
0
1.25
0
0
1.25
0
1.25
1.25
1.25
0
1.25
1.25
0
1.25
0
1.25
1.25
0
1.25
0
0.074653
0.996042
1.00036
0.999487
1.00017
0.999783
1.01164
1.00916
0.999814
1.00014
0.999593
1.00021
0.997353
1.25
1.25
0
1.25
0
0
1.25
0
1.25
0
1.25
0
1.25
0
0
0
0
0
1.25
0
1.25
0
1.25
0
1.25
0
1.25
0
1.25
0
1.25
0
0
1.25
0
1.25
0
0.986214
0.997453
1.00019
0.999596
1.00015
0.999815
1.00916
1.00721
0.999844
1.00013
0.999679
1.00016
0.998106
1.1982
1.25
0
1.25
0
1.25
0
1.25
0
0
0
1.25
0
1.25
0
1.25
0
0
1.25
0
0
1.25
0
1.25
1.25
1.25
0
1.25
1.25
0
1.25
1.25
0
1.25
0
1.25
0
0.971136
0.998167
1.00011
0.99968
1.00013
0.999845
1.00721
1.00568
0.999871
1.00012
0.999733
1.00006
0.998692
1.05735
1.25
0
1.25
0
0
1.25
1.25
1.25
0
1.25
0
1.25
0
0
0
0
0
1.25
0
1.25
0
1.25
0
1.25
0
1.25
0
1.25
0
1.25
1.25
0
1.25
0
1.25
0
1.00376
0.998748
1.00004
0.999758
1.00012
0.999872
1.00568
1.00448
0.999892
1.0001
0.999805
0.99997
0.999166
1.01082
1.25
0
1.25
0
1.25
0
1.25
0
0
0
1.25
0
1.25
1.25
0
0
0
1.25
0
0
1.25
0
1.25
1.25
1.25
0
1.25
0
0
0
1.25
0
1.25
0
1.25
0
1.01104
0.999226
0.999972
0.999805
1.0001
0.999893
1.00448
1.00353
0.999908
1.00008
0.999829
0.999955
0.999292
1.00757
1.25
0
1.25
0
0
1.25
1.25
1.25
0
1.25
0
1.25
0
0
1.25
0
0
1.25
0
1.25
0
1.25
0
1.25
0
1.25
0
1.25
0
1.25
1.25
0
1.25
0
1.25
0
1.00262
0.999277
0.999952
0.999829
1.00008
0.999909
1.00353
1.00279
0.99992
1.00006
0.999844
0.999924
0.999385
1.00455
0
0
1.25
0
1.25
0
1.25
0
1.25
0
1.25
0
1.25
1.25
0
0
0
1.25
0
0
1.25
0
1.25
0
1.25
0
1.25
0
1.25
0
1.25
0
1.25
0
1.25
0
1.00104
0.999372
0.999936
0.999843
1.00007
0.999921
1.00279
1.00221
0.999931
1.00005
0.999867
0.999899
0.999481
1.00269
1.25
0
1.25
1.25
0
1.25
1.25
1.25
0
1.25
0
1.25
0
1.25
1.25
0
0
1.25
0
1.25
0
1.25
0
1.25
0
1.25
0
1.25
1.25
0
1.25
0
1.25
0
1.25
1.25
1.00065
0.999458
0.99992
0.99986
1.00005
0.999931
1.00221
1.00175
0.999939
1.00003
0.999897
0.999896
0.999549
1.00135
0.781975
0
1.25
0
1.25
0
1.25
0
1.25
0
1.25
0
1.25
1.25
0
0
0
1.25
0
0
1.25
0
1.25
0
1.25
0
1.25
0
1.25
0
1.25
0
1.25
0
1.25
1.25
1.00041
0.999559
0.999924
0.999886
1.00004
0.99994
1.00175
1.00138
0.999947
1.00002
0.999924
0.999911
0.999627
1.0007
1.25
1.25
1.25
1.25
0
1.25
1.25
1.25
0
1.25
0
1.25
0
1.25
1.25
0
0
1.25
0
1.25
0
1.25
0
1.25
0
1.25
0
1.25
1.25
0
1.25
0
1.25
0
1.25
1.25
1.00017
0.999621
0.999935
0.999907
1.00002
0.999946
1.00138
1.0011
0.999952
1.00001
0.999928
0.999918
0.99965
1.00039
0.950027
0
1.25
0
1.25
0
1.25
0
1.25
0
1.25
0
1.25
1.25
0
0
0
1.25
0
0
1.25
0
1.25
0
1.25
0
1.25
0
1.25
0
1.25
0
1.25
0
1.25
1.1992
1.00004
0.999665
0.999943
0.999919
1.00002
0.999953
1.0011
1.00087
0.999957
1.00001
0.999935
0.999927
0.999688
1.00019
1.07959
1.25
0
1.25
0
1.25
0
1.25
0
1.25
0
1.25
0
1.25
1.25
0
0
1.25
0
1.25
0
1.25
0
1.25
0
1.25
0
1.25
1.25
1.25
1.25
0
1.25
0
1.25
1.07636
0.999945
0.999691
0.999937
0.999924
1.00002
0.999957
1.00087
1.00069
0.99996
1.00001
0.99993
0.999917
0.999685
1.00004
1.00136
0
1.25
0
1.25
0
1.25
0
1.25
0
1.25
0
1.25
1.25
0
0
0
1.25
0
0
1.25
0
1.25
0
1.25
0
1.25
0
1.25
0
1.25
0
1.25
0
1.25
1.02934
0.999866
0.999711
0.999944
0.999929
1.00002
0.999961
1.00069
1.00055
0.999964
1.00001
0.999932
0.999923
0.999719
0.99993
1.01744
1.25
0
1.25
0
1.25
0
1.25
0
1.25
0
1.25
0
1.25
1.25
0
0
1.25
0
1.25
0
1.25
0
1.25
0
1.25
0
1.25
1.25
1.25
1.25
0
1.25
1.25
0
1.01489
0.999798
0.999729
0.999938
0.999927
1.00001
0.999964
1.00055
1.00043
0.999966
1
0.99993
0.999919
0.999728
0.99993
0.99947
0
1.25
0
1.25
0
1.25
0
1.25
0
1.25
0
0
1.25
0
0
0
1.25
0
0
0
0
1.25
0
1.25
0
1.25
0
1.25
0
1.25
0
1.25
0
1.25
1.0073
0.999842
0.999792
0.999947
0.999938
1.00002
0.999969
1.00043
1.00035
0.99997
1
0.999936
0.999915
0.999749
0.99981
1.00337
1.25
0
1.25
0
1.25
0
1.25
0.0290028
1.25
0
1.25
1.25
1.25
1.25
0
0
1.25
0
1.25
0
1.25
0
1.25
0
1.25
0
1.25
1.25
1.25
1.25
0
1.25
0
1.25
1.00189
0.999768
0.999783
0.999937
0.999938
1.00001
0.999971
1.00035
1.00027
0.999969
0.999994
0.999921
0.999901
0.999706
0.999793
1.00092
0
1.25
0
1.25
0
1.25
0
1.25
0
1.25
0
0
1.25
0
0
0
1.25
0
0
0
0
1.25
0
1.25
0
1.25
0
1.25
0
1.25
0
1.25
0
0.05837
1.00142
0.999815
0.999783
0.999938
0.999942
1.00001
0.999974
1.00027
1.00022
0.999973
0.999995
0.999926
0.999904
0.999733
0.999735
1.00102
1.25
0
1.25
0
1.25
0
1.25
1.25
1.25
1.25
0
1.25
1.25
1.25
0
0
1.25
0
1.25
0
1.25
0
1.25
0
1.25
0
1.25
1.25
1.25
1.25
0
1.25
1.25
1.25
1.00059
0.999798
0.999803
0.999942
0.999945
1.00001
0.999976
1.00022
1.00017
0.999969
0.999987
0.999906
0.99989
0.999704
0.999693
0.99962
0
1.25
0
1.25
0
1.25
0
1.25
0
1.25
1.25
0
1.25
0
0
0
1.25
0
0
1.25
0
1.25
0
1.25
0
1.25
0
1.25
0
1.25
0
1.25
0
1.13108
1.00058
0.999834
0.999831
0.999954
0.999953
1.00002
0.99998
1.00017
1.00014
0.999983
0.999985
0.999917
0.999896
0.999731
0.99966
0.999769
0
0
1.25
0
1.25
0
1.25
1.25
0
1.25
0
1.25
1.25
1.25
0
0
1.25
0
1.25
0
1.25
0
1.25
0
1.25
0
1.25
1.25
1.25
1.25
1.25
1.25
1.25
1.25
1.00043
0.999853
0.999855
0.999964
0.99996
1.00002
0.999982
1.00014
1.00011
0.999967
0.99997
0.999887
0.999867
0.999684
0.999594
0.998849
1.25
1.25
0
1.25
0
1.25
0
1.25
0
0
0
0
1.25
0
0
0
1.25
0
0
1.25
0
1.25
0
1.25
0
1.25
0
1.25
0
1.25
0
1.25
0
1.25
1.00062
0.999907
0.999887
0.999982
0.999973
1.00002
0.999986
1.00011
1.00009
0.999971
0.999971
0.999886
0.99987
0.999697
0.99955
0.998981
0.663195
0
1.25
0
1.25
0
1.25
1.25
0
1.25
0
1.25
1.25
1.25
0
0
1.25
0
1.25
0
1.25
0
1.25
0
1.25
1.25
1.25
1.25
1.25
1.25
1.25
1.25
1.25
1.25
1.00079
0.99998
0.999927
1.00001
0.999988
1.00003
0.99999
1.00009
1.00007
0.999963
0.999947
0.999841
0.999842
0.999646
0.999477
0.998094
1.25
1.25
0
1.25
0
1.25
0
1.25
1.25
0
1.25
0
1.25
0
0
0
1.25
0
0
1.25
0
1.25
0
1.25
0
1.25
0
1.25
0
1.25
0
0
0
1.25
1.00099
1.00007
0.999979
1.00004
0.999998
1.00004
0.999994
1.00007
1.00006
0.999963
0.999943
0.999825
0.999829
0.999661
0.999411
0.998157
1.11071
0
1.25
0
0
0
1.25
1.25
0
1.25
0
1.25
1.25
1.25
0
0
1.25
0
1.25
0
1.25
0
1.25
0
1.25
0
1.25
1.25
1.25
1.25
1.25
1.25
1.25
1.15981
1.00128
1.00018
1.00006
1.00009
1.00003
1.00006
1
1.00006
1.00004
0.999959
0.999911
0.999787
0.999766
0.999586
0.999287
0.997442
1.11341
1.25
0
1.25
0
1.25
0
1.25
1.25
0
1.25
0
1.25
0
0
0
1.25
0
0
1.25
0
1.25
0
1.25
0
1.25
0
1.25
0
1.25
0
0
0
1.13186
1.00151
1.00026
1.00012
1.00013
1.00005
1.00007
1.00001
1.00005
1.00003
0.999942
0.999909
0.999766
0.999725
0.999556
0.999166
0.997428
1.04848
0
1.25
0
1.25
0
1.25
1.25
0
1.25
0
1.25
1.25
1.25
0
0
1.25
0
1.25
0
1.25
0
1.25
0
1.25
0
1.25
0
1.25
0.340041
1.25
1.25
1.25
1.08255
1.00206
1.00043
1.00022
1.0002
1.00011
1.0001
1.00002
1.00004
1.00003
0.999947
0.999859
0.999708
0.999638
0.999438
0.998984
0.996578
1.01826
1.25
0
1.25
0
1.25
0
1.25
1.25
0
1.25
0
1.25
0
0
0
1.25
0
0
1.25
0
1.25
0
1.25
0
1.25
0
1.25
0
1.25
0
0
0
1.07014
1.00236
1.00057
1.0003
1.00026
1.00016
1.00013
1.00002
1.00003
1.00002
0.999924
0.999833
0.999662
0.999556
0.999335
0.998803
0.996368
1.01622
0
1.25
0
1.25
0
1.25
0
0
1.25
0
1.25
1.25
1.25
0
0
1.25
0
1.25
0
1.25
0
1.25
0
1.25
0
1.25
0
1.25
0.84905
1.25
1.25
1.25
1.05998
1.00317
1.00082
1.00045
1.00037
1.00025
1.00017
1.00004
1.00002
1.00002
0.999909
0.999784
0.999554
0.999431
0.999181
0.998535
0.995344
0.980576
1.25
0
1.25
0
1.25
0
1.25
1.25
0
1.25
0
1.25
1.25
0
0
1.25
0
0
1.25
0
1.25
0
1.25
0
1.25
0
0
0
0
0
0
1.25
1.05709
1.00365
1.00102
1.00058
1.00047
1.00033
1.00021
1.00005
1.00002
1.00001
0.999931
0.999708
0.999527
0.999329
0.999044
0.998299
0.994951
0.992797
1.25
1.25
1.25
1.25
0
1.25
0
0
0
0
1.25
1.25
0
0
0
1.25
0
1.25
0
1.25
0
1.25
1.25
1.25
0
1.25
1.25
1.25
1.25
1.25
0
0
1.05221
1.0045
1.00136
1.00079
1.00062
1.00044
1.00028
1.00008
1.00002
1.00001
0.999878
0.999627
0.999349
0.999086
0.998772
0.997871
0.993619
0.962312
0
0
0
0
1.25
0
1.25
1.25
1.25
1.25
0
1.25
1.25
0
0
1.25
1.25
0
1.25
0
1.25
0
0
0
0
0
0
0
0
0
1.25
1.25
1.058
1.00544
1.0017
1.00102
1.0008
1.00057
1.00035
1.0001
1.00002
1
0.999846
0.999623
0.999203
0.998972
0.998578
0.997528
0.992948
0.968491
1.25
1.25
1.25
1.25
0
1.25
0
0
0
0
1.25
1.25
1.25
0
0
1.25
1.25
1.25
0
1.25
0
1.25
0
1.25
0
1.25
1.25
1.25
1.25
0
0
0
1.05958
1.00637
1.0021
1.00127
1.00099
1.00071
1.00043
1.00013
1.00001
1
0.999814
0.999456
0.998993
0.99864
0.998161
0.996942
0.991286
0.948437
0
0
0
0
1.25
0
1.25
0
1.25
1.25
0
1.25
0
0
0
1.25
1.25
0
1.25
0
1.25
0
1.25
0
1.25
0
0
0
0
1.25
1.25
1.25
1.06653
1.00781
1.00265
1.00164
1.00128
1.00092
1.00055
1.00017
1.00001
0.999997
0.999792
0.999349
0.998912
0.998424
0.9979
0.996486
0.990254
0.94791
1.25
1.25
1.25
1.25
1.25
0
0
1.25
0
0
1.25
1.25
1.25
0
0
1.25
1.25
0
0
1.25
0
1.25
0
1.25
0
1.25
0
0
0
0
0
0
1.07004
1.00899
1.00317
1.00199
1.00156
1.00113
1.00067
1.0002
1.00001
0.999994
0.999749
0.999195
0.998577
0.997962
0.997348
0.995633
0.988253
0.930875
0
0
0
0
1.25
1.25
1.25
1.25
1.25
1.25
1.25
1.25
0
0
0
1.25
0
1.25
0
0
1.25
0
1.25
0
1.25
0
1.25
1.25
1.25
0
0
0
1.08012
1.01077
1.00393
1.00249
1.00196
1.00141
1.00083
1.00026
1.00002
0.99999
0.999693
0.999034
0.998295
0.99769
0.996919
0.995012
0.986708
0.926463
1.25
1.25
0
0.294245
1.25
1.25
0
1.25
1.25
0
1.25
1.25
1.25
0
0
1.25
0
1.25
0
1.25
0
1.25
0
1.25
0
1.25
0
0
0
0.8895
1.25
0.362678
1.08614
1.01251
1.00474
1.00304
1.00239
1.00173
1.00101
1.00031
1.00002
0.999987
0.999637
0.998889
0.997974
0.997193
0.996216
0.993909
0.984228
0.912197
0
0
1.25
0
1.25
1.25
0
1.25
0
1.25
0
1.25
1.25
0
0
1.25
0
1.25
0
1.25
1.25
1.25
1.25
1.25
1.25
1.25
1.25
1.25
0.891307
1.25
1.25
0
1.09541
1.01457
1.00569
1.0037
1.00291
1.00211
1.00123
1.00038
1.00002
0.999983
0.999559
0.998586
0.997498
0.996541
0.995572
0.992971
0.981972
0.902053
1.25
1.25
0
0
1.25
1.25
1.25
0
0
0
0
1.25
0
0
0
1.25
0
1.25
0
1.25
0
1.25
0
1.25
0
1.25
0
1.25
0
0
0
1.25
1.10454
1.0168
1.00678
1.00446
1.00352
1.00255
1.00148
1.00046
1.00002
0.99998
0.999498
0.998397
0.997188
0.996026
0.994767
0.991769
0.979125
0.899099
0
0
1.25
0
1.25
1.25
0
0
1.25
0
0
1.25
1.25
0
1.25
1.25
0
0
1.25
0
1.25
1.25
1.25
1.25
0
1.25
1.25
1.25
1.25
0
0
1.25
1.1157
1.01937
1.00806
1.00537
1.00424
1.00307
1.00179
1.00056
1.00003
0.999975
0.99939
0.998055
0.996525
0.995145
0.993766
0.990293
0.975791
0.87532
1.25
1.25
0
1.25
1.25
1.25
1.25
0
0
1.25
0
1.25
0
0
1.25
1.25
0
0
1.25
1.25
0
1.25
0
1.25
0
1.25
0
0
0
0
1.25
1.25
1.12559
1.02205
1.00948
1.0064
1.00506
1.00367
1.00213
1.00066
1.00003
0.999972
0.99931
0.997809
0.996102
0.994513
0.992804
0.988893
0.972599
0.878824
0
0
1.25
0
1.25
1.25
0
0
1.25
0
0
1.25
0
0
1.25
1.25
0
0
1.25
0
1.25
1.25
1.25
1.25
1.25
1.25
1.25
1.25
1.25
0
0
1.25
1.13758
1.02523
1.01111
1.00761
1.00602
1.00437
1.00254
1.00079
1.00004
0.999965
0.999171
0.997346
0.995283
0.993341
0.991469
0.986868
0.968092
0.852329
1.25
1.25
0
1.25
1.25
1.25
1.25
0
0
1.25
0
1.25
0
0
1.25
1.25
0
0
1.25
1.25
0
1.25
0
1.25
0
1.25
0
0
0
0
1.25
1.25
1.1476
1.0286
1.01292
1.00896
1.0071
1.00516
1.00299
1.00093
1.00004
0.99996
0.999069
0.997054
0.994692
0.992601
0.990314
0.985126
0.962161
0.848708
0
0
1.25
0
1.25
1.25
0
0
1.25
0
0
1.25
0
0
1.25
1.25
0
1.25
1.25
1.25
1.25
1.25
1.25
1.25
1.25
1.25
1.25
1.25
1.25
1.25
0
1.25
1.15978
1.03246
1.015
1.01052
1.00835
1.00607
1.00352
1.0011
1.00005
0.999953
0.998911
0.99651
0.993782
0.991143
0.988603
0.982685
0.962877
0.843866
1.25
0
0
1.25
1.25
1.25
1.25
0
1.25
0
0
1.25
1.25
0
1.25
1.25
0
0
1.25
1.25
0
1.25
0
1.25
0
1.25
0
0
0
1.25
1.25
1.25
1.16995
1.03649
1.01727
1.01225
1.00973
1.00707
1.00408
1.00127
1.00006
0.999947
0.998783
0.996123
0.993019
0.990159
0.987178
0.980405
0.947555
0.821305
0
1.25
1.25
1.25
1.25
0
1.25
0
0
1.25
0
1.25
0
0
1.25
1.25
0
1.25
1.25
1.25
1.25
1.25
1.25
1.25
1.25
1.25
1.25
1.25
1.25
1.25
0
1.25
1.18245
1.04104
1.01984
1.01421
1.01129
1.00819
1.00471
1.00147
1.00006
0.999938
0.998596
0.995504
0.991948
0.988488
0.985121
0.977475
0.95092
0.788498
0
0
0
1.25
1.25
0
1.25
0
1.25
0
0
1.25
0
0
1.25
1.25
0
1.25
1.25
1.25
0
1.25
0
1.25
0
1.25
0
0
0
0
0
1.25
1.19269
1.04581
1.02268
1.01639
1.01299
1.00941
1.00528
1.00159
1.00006
0.99993
0.998443
0.995026
0.991007
0.987183
0.983382
0.974826
0.940407
0.923538
0
1.25
1.25
0
1.25
0
0
1.25
1.25
0
0
1.25
0
0
1.25
1.25
0
1.25
1.25
1.25
1.25
1.25
1.25
1.25
1.25
1.25
1.25
1.25
1.25
1.25
0
1.25
1.20513
1.05133
1.02589
1.01883
1.01487
1.01066
1.00595
1.00153
1.00005
0.999921
0.998236
0.994344
0.989834
0.985448
0.980822
0.971389
0.935502
0.689779
0
0
1.25
0
1.25
0
0
1.25
0
0
0
1.25
0
0
1.25
1.25
0
1.25
1.25
1.25
0
1.25
0
1.25
0
1.25
0
0
0
0
1.25
1.25
1.21343
1.05719
1.02956
1.02173
1.01742
1.01236
1.00708
1.00188
1.00005
0.999911
0.998047
0.993783
0.988627
0.983567
0.978729
0.967663
0.921239
1.04997
0
1.25
1.25
0
1.25
0
0
1.25
1.25
1.25
0
1.25
0
0
1.25
1.25
0
1.25
1.25
1.25
1.25
1.25
1.25
1.25
1.25
1.25
1.25
1.25
1.25
0
1.25
1.25
1.22663
1.06375
1.03391
1.02529
1.0204
1.01479
1.00859
1.00261
1.00009
0.9999
0.997838
0.993064
0.987543
0.982025
0.976337
0.964035
0.919551
0.725993
1.25
1.25
1.25
0
1.25
0
0
1.25
0
0
0
1.25
0
0
0
1.25
0
1.25
1.25
1.25
0
1.25
0
1.25
0
0
0
0
0
0
1.25
1.25
1.23928
1.07045
1.03856
1.02918
1.02368
1.01751
1.01018
1.00339
1.00013
0.99989
0.997625
0.992457
0.986075
0.979481
0.973226
0.95908
0.901667
1.0569
0
1.25
1.25
0
1.25
0
1.25
1.25
1.25
1.25
0
1.25
0
1.25
0
0
0
1.25
1.25
1.25
1.25
1.25
1.25
1.25
1.25
1.25
1.25
0
1.25
0
1.25
1.25
1.25
1.07758
1.04353
1.0334
1.0272
1.02046
1.01193
1.00423
1.00019
0.999877
0.997384
0.991656
0.98479
0.978069
0.970715
0.955479
0.899864
1.00897
0
1.25
1.25
0
1.25
0
1.25
1.25
0
0
0
1.25
0
0
0
1.25
0
1.25
1.25
0
0
0
0
1.25
0
0
0
0
0
0
1.25
1.25
1.25
1.08482
1.04873
1.03788
1.03087
1.02332
1.01361
1.00471
1.00023
0.999865
0.997173
0.991081
0.983303
0.975039
0.967347
0.949452
0.883276
1.0176
0
1.25
1.25
0
1.25
0
0
1.25
1.25
1.25
0
1.25
0
1.25
1.25
0
0
1.25
1.25
1.25
1.25
1.25
1.25
1.25
1.25
1.25
1.25
0
0
0
1.25
1.25
1.25
1.09235
1.05418
1.04252
1.03469
1.026
1.01522
1.00496
1.00023
0.99985
0.99692
0.990245
0.98202
0.973668
0.964382
0.945364
0.877381
1.22887
1.25
0
1.25
0
1.25
0
1.25
1.25
1.25
0
0
1.25
0
0
0
1.25
0
0
1.25
0
0
0
0
0
0
0
0
0
0
0
1.25
1.25
1.25
1.09986
1.05998
1.04754
1.03895
1.02906
1.01711
1.0055
1.00025
0.999837
0.996714
0.989746
0.980428
0.970192
0.960724
0.938541
0.861918
1.25
0
0
1.25
1.25
1.25
0
1.25
1.25
1.25
0
0
0
0
1.25
1.25
0
0
1.25
1.25
1.25
1.25
1.25
1.25
1.25
1.25
0
1.25
0
0
0
1.25
1.25
1.25
1.10793
1.06632
1.05308
1.04372
1.03262
1.01927
1.0062
1.00028
0.99982
0.996467
0.98894
0.979325
0.969154
0.957473
0.934162
0.85641
1.25
1.25
0
0
0
1.25
0
0
1.25
0
0
0
1.25
0
0
0
1.25
0
0
1.25
0
0
0
0
0
0
0
0
0
0
0
0
1.25
1.25
1.11598
1.07302
1.05905
1.04888
1.03653
1.02163
1.007
1.00031
0.999807
0.996277
0.98861
0.977637
0.965072
0.953555
0.925952
0.845426
1.25
0
0
1.25
1.25
0
0
1.25
1.25
1.25
0
0
0
0
1.25
1.25
0
0
1.25
1.25
1.25
1.25
0
1.25
0
0
0
0
0
0
0
0
1.25
1.25
1.12446
1.08018
1.06548
1.05447
1.04079
1.0242
1.00788
1.00035
0.999787
0.996063
0.987896
0.977067
0.964757
0.951142
0.920248
0.848188
1.25
1.25
0
0
0
1.25
0
0
1.25
0
0
0
1.25
0
0
0
1.25
0
0
1.25
0
0
0
0
0
0
0
0
0
0
0
0
1.25
1.25
1.13289
1.08768
1.07237
1.0605
1.04543
1.02701
1.00885
1.00039
0.999772
0.995908
0.987834
0.975351
0.959142
0.945926
0.912398
0.838627
1.25
1.25
0
1.25
1.25
1.25
0
1.25
1.25
1.25
0
1.25
0
0
1.25
1.25
0
0
1.25
1.25
0
1.25
0
0
0
0
0
0
0
1.25
0
0
1.25
1.25
1.14169
1.09565
1.07966
1.06699
1.05041
1.03003
1.00992
1.00044
0.99975
0.995749
0.987327
0.975447
0.961276
0.943906
0.906605
0.882273
1.1759
0
1.25
0
0
1.25
0
0
0
1.25
0
0
1.25
1.25
0
0
1.25
0
0
0
0
0
0
0
0
0
0
0
0
1.25
0
0
1.25
1.25
1.15029
1.10392
1.08739
1.07387
1.05576
1.03329
1.01108
1.0005
0.999734
0.995646
0.987723
0.973685
0.95354
0.937842
0.901759
0.777569
0
0
1.25
0
0
0
0
1.25
1.25
1.25
0
1.25
0
0
1.25
1.25
0
0
1.25
1.25
0
0
0
0
0
0
0
0
0
1.25
0
0.489617
1.25
1.25
1.15928
1.11262
1.09557
1.08112
1.06143
1.03677
1.01233
1.00057
0.999708
0.995581
0.987608
0.974695
0.959713
0.936855
0.890786
1.05874
0
0
1.25
1.25
1.25
0
0
0
0
0
0
0
0
1.25
0
0
1.25
0
0
0
0
0
0
0
0
0
0
0
0
1.25
0
0.315075
1.25
1.25
1.16803
1.1215
1.10421
1.08877
1.06745
1.04049
1.0137
1.00064
0.999691
0.995561
0.988647
0.973082
0.948171
0.931874
0.886988
0.856596
0
0
1.25
0
1.25
0
0
1.25
1.25
1.25
0
1.25
0
0
1.25
1.25
0
0
1.25
1.25
0
0
0
0
0
0
0
0
0
1.25
0
1.25
1.25
1.25
1.17725
1.13079
1.11319
1.09677
1.07373
1.04441
1.01517
1.00073
0.999659
0.995646
0.989107
0.975979
0.959264
0.931094
0.879077
1.18313
0
0
1.25
1.25
1.25
0
0
0
0
0
0
0
0
1.25
0
0
1.25
0
0
0
0
0
0
0
0
0
0
0
0
0
1.25
1.25
1.25
1.25
1.18638
1.14002
1.12276
1.10513
1.08033
1.04855
1.01676
1.00082
0.99964
0.995747
0.991065
0.974185
0.943286
0.927566
0.876446
1.16449
0
0
1.25
0
1.25
0
0
0
1.25
1.25
0
1.25
0
0
0
1.25
0
0
1.25
1.25
0
0
0
0
0
0
0
0
0
0
1.25
1.25
1.25
1.25
1.1959
1.14884
1.13273
1.11357
1.08716
1.05285
1.01846
1.00093
0.999602
0.996057
0.992424
0.981283
0.961368
0.928186
0.873842
1.25
0
0
1.25
1.25
1.25
0
0
1.25
0
0
0
0
0
1.25
0
0
1.25
0
0
0
0
0
0
0
0
0
0
0
0
0
1.25
1.25
1.25
1.25
1.20499
1.15889
1.14258
1.12244
1.09425
1.05735
1.02028
1.00105
0.999581
0.996331
0.995641
0.977464
0.938849
0.926341
0.879949
1.25
0
0
1.25
0
1.25
0
0
0
0
1.25
0
1.25
1.25
0
0
1.25
0
0
1.25
1.25
0
0
0
0
0
0
0
0
0
0
1.25
1.25
1.25
1.25
1.21376
1.16951
1.15237
1.13165
1.10146
1.06199
1.02221
1.00119
0.999532
0.996972
0.998031
0.988774
0.968046
0.930116
0.886002
1.25
0
0
1.25
1.25
1.25
0
0
1.25
0
0
0
0
0
1.25
1.25
0
1.25
0
0
0
0
0
0
0
0
0
0
0
0
0
1.25
1.25
1.25
1.25
1.22256
1.17969
1.16253
1.14105
1.10885
1.06683
1.02428
1.00136
0.999509
0.997473
1.00334
0.986817
0.935917
0.931787
0.916426
1.25
1.25
0
0
0
1.25
0
1.25
0
1.25
1.25
0
1.25
1.25
0
0
1.25
0
0
1.25
0
0
0
0
0
0
0
0
0
0
0
1.25
1.25
1.25
1.25
1.23107
1.18999
1.17283
1.15046
1.11629
1.07176
1.02646
1.00154
0.999447
0.99859
1.00819
1.00124
0.978449
0.940003
0.944151
1.2088
1.25
1.25
0
1.25
0
0
0
1.25
0
0
0
0
0
1.25
1.25
0
1.25
0
0
0
0
0
0
0
0
0
0
0
0
1.25
1.25
1.25
1.25
1.25
1.23944
1.20034
1.18331
1.16004
1.12387
1.07684
1.02879
1.00176
0.999418
0.999425
1.01313
1.00296
0.934644
0.94256
0.964456
0.546786
1.25
1.25
0
1.25
0
0
0
0
0
1.25
0
1.25
1.25
0
0
1.25
1.25
0
1.25
0
0
0
0
0
0
0
0
0
0
1.25
1.25
1.25
1.25
1.25
1.24756
1.21049
1.19369
1.1694
1.13136
1.08196
1.03122
1.00201
0.999337
1.00121
1.03013
1.01986
1.00069
0.942669
1.23673
0
1.25
1.25
0
0
0
0
0
1.25
0
0
0
0
0
1.25
1.25
0
0
0
0
0
0
0
0
0
0
0
0
0
0
1.25
1.25
1.25
1.25
1.25
1.25
1.22061
1.20423
1.17876
1.13896
1.08721
1.03381
1.0023
0.999293
1.00234
1.03278
1.02673
0.947402
0.938034
1.25
0
0
1.25
1.25
1.25
0
0
0
0
0
1.25
0
1.25
1.25
0
0
1.25
1.25
0
1.25
0
0
0
0
0
0
0
0
0
0
1.25
1.25
1.25
1.25
1.25
1.25
1.23039
1.21438
1.18776
1.14627
1.09242
1.0365
1.00264
0.999178
1.00499
1.05099
1.03722
1.04691
0.995698
1.25
0
0
1.25
0
0
0
0
0
1.25
0
0
0
0
0
1.25
1.25
0
0
0
0
0
0
0
0
0
0
0
0
0
0
1.25
1.25
1.25
1.25
1.25
1.25
1.24027
1.22448
1.19674
1.15356
1.09772
1.03937
1.00305
0.99911
1.00717
1.06823
1.03857
1.02881
0.88744
1.25
0
0
1.25
1.25
1.25
0
0
0
0
0
0
0
1.25
1.25
0
0
1.25
1.25
0
1.25
0
0
0
0
0
0
0
0
0
0
1.25
1.25
1.25
1.25
1.25
1.25
1.24965
1.23385
1.20502
1.16059
1.10277
1.04229
1.00352
0.99895
1.01047
1.09539
1.04555
1.07676
1.02992
1.25
0
0
1.25
0
1.25
0
0
0
1.25
0
0
0
0
0
0
1.25
0
0
0
0
0
0
0
0
0
0
0
0
0
1.25
1.25
1.25
1.25
1.25
1.25
1.25
1.25
1.24295
1.21333
1.16718
1.10781
1.0454
1.00407
0.998836
1.01348
1.12511
1.04592
1.13279
0.872137
1.25
1.25
0
1.25
1.25
1.25
0
0
0
0
0
0
0
1.25
1.25
0
0
1.25
1.25
0
1.25
0
0
0
0
0
0
0
0
0
1.25
1.25
1.25
1.25
1.25
1.25
1.25
1.25
1.25
1.22112
1.17309
1.11259
1.0485
1.00474
0.998587
1.01678
1.16956
1.06885
1.14352
1.09269
1.25
1.25
0
0
0
0
0
0
0
1.25
1.25
0
0
0
0
0
1.25
0
0
1.25
0
0
0
0
0
0
0
0
0
0
1.25
1.25
1.25
1.25
1.25
1.25
1.25
1.25
1.25
1.22845
1.17888
1.1173
1.05172
1.00556
0.998368
1.01982
1.206
1.08907
1.1631
1.24672
1.25
1.25
0
0
1.25
0
0
0
0
0
0
0
0
0
1.25
0
0
1.25
1.25
0
1.25
0
0
0
0
0
0
0
0
0
1.25
1.25
1.25
1.25
1.25
1.25
1.25
1.25
1.25
1.23439
1.18377
1.12142
1.05487
1.00653
0.997937
1.02221
1.25
1.09745
1.22213
1.2163
1.25
1.25
0
0
1.25
0
1.25
0
0
1.25
1.25
0
0
0
0
0
1.25
1.25
0
1.25
0
0
0
0
0
0
0
0
0
0
1.25
1.25
1.25
1.25
1.25
1.25
1.25
1.25
1.25
1.23997
1.18826
1.12533
1.05809
1.00772
0.997462
1.00907
1.25
1.06333
1.25
1.16557
1.25
1.25
0
0
1.25
0
0
0
0
0
0
0
0
0
1.25
1.25
0
0
1.25
0
1.25
0
0
0
0
0
0
0
0
0
1.25
1.25
1.25
1.25
1.25
1.25
1.25
1.25
1.25
1.24363
1.19137
1.12844
1.06106
1.00915
0.996596
1.00925
1.25
0.94448
1.25
0.946496
1.25
0
0
0
1.25
0
1.25
0
0
1.25
1.25
0
0
0
0
0
1.25
1.25
0
1.25
0
0
0
0
0
0
0
0
0
1.25
1.25
1.25
1.25
1.25
1.25
1.25
1.25
1.25
1.25
1.24717
1.19404
1.13112
1.06397
1.01089
0.99545
0.896509
1.25
0.72741
1.25
0.393013
1.25
1.25
0
1.25
1.25
0
0
0
0
0
0
0
0
0
1.25
1.25
0
0
1.25
0
0
0
0
0
0
0
0
0
0
1.25
1.25
1.25
1.25
1.25
1.25
1.25
1.25
1.25
1.25
1.24803
1.19484
1.13257
1.06634
1.01299
0.993469
0.821493
1.25
0.30285
1.25
0
1.25
1.25
0
0
1.25
0
1.25
0
0
1.25
1.25
0
0
1.25
0
0
1.25
1.25
1.25
1.25
1.25
0
0
0
0
0
0
0
0
1.25
1.25
1.25
1.25
1.25
1.25
1.25
1.25
1.25
1.25
1.24939
1.19526
1.13338
1.0684
1.01554
0.990787
0.471871
1.25
0
1.25
0
1.25
1.25
0
0
0
1.25
1.25
1.25
1.25
0
0
0
0
0
1.25
1.25
0
0
1.25
1.25
1.25
1.25
1.25
1.25
1.25
1.25
1.25
1.25
1.25
0
1.25
1.25
1.25
1.25
1.25
1.25
1.25
1.25
1.25
1.24133
1.18913
1.13002
1.06838
1.01841
0.986427
0.603942
1.25
0
1.25
0
1.25
1.25
0
0
0
1.25
1.25
1.25
0
1.25
1.25
0
0
1.25
0
0
1.25
1.25
1.25
1.25
1.25
1.25
1.25
1.25
1.25
1.25
1.25
1.25
1.25
0
0
0
1.25
1.25
1.25
1.25
1.25
1.25
1.25
1.22874
1.18108
1.12615
1.06815
1.02185
1.21935
1.00076
1.00159
1.00015
1.00006
0.999919
0.999338
0.999035
0.998974
0.998997
0.999139
0.999415
0.999818
1.00032
1.0009
1.00151
1.00213
1.00274
1.0032
1.00349
1.00372
1.00375
1.00369
1.00344
1.00286
1.00198
1.00079
0.999076
0.996819
0.993528
0.99312
1.03444
1.00633
1.00317
1.00271
1.00092
1.00083
1.00066
1.00049
1.00037
1.00031
1.00025
1.0002
1.00018
1.00016
1.00024
1.0001
1.00147
0.998791
1.20641
1.25
0.999817
1.00076
1.00132
1.00116
1.00174
1.00259
1.00307
1.00329
1.00343
1.00352
1.00356
1.00356
1.00354
1.00351
1.00346
1.00341
1.00336
1.0033
1.00327
1.00325
1.00308
1.00281
1.00257
1.00228
1.00199
1.00169
1.00133
1.00099
1.0012
1.00351
1.25
1.005
1.00096
1.0002
1.00129
1.00106
1.00105
1.00108
1.00105
1.00096
1.00087
1.00078
1.00069
1.00061
1.00054
1.00048
1.00104
0.999845
1.25
1.25
1.00005
1.00102
1.00119
1.00121
1.0017
1.00206
1.00227
1.00234
1.00233
1.00224
1.00209
1.00189
1.00167
1.00143
1.00119
1.00096
1.00072
1.00053
1.00041
1.00021
1.00016
1.00002
0.999935
0.999902
0.999918
0.999998
1.00011
1.00048
1.00104
1.00396
1.12534
1.00094
1.00007
0.999815
0.999822
0.999855
0.999874
0.999884
0.999884
0.999879
0.999876
0.999873
0.999878
0.99988
0.999962
0.999893
1.0009
0.999768
1.25
1.22054
1.00003
1.00091
1.0015
1.00177
1.00245
1.00299
1.00339
1.00366
1.0038
1.00385
1.00382
1.00373
1.0036
1.00345
1.00328
1.00309
1.0029
1.00272
1.00251
1.00231
1.00217
1.00209
1.00198
1.00188
1.00182
1.00179
1.00179
1.00204
1.0026
1.01125
1.00662
0.998157
0.997943
0.998172
0.998348
0.998528
0.998705
0.998878
0.999032
0.999167
0.999282
0.999383
0.999481
0.999558
0.999716
0.999621
1.00061
0.9995
1.20402
1.17533
1.00003
1.00087
1.00144
1.00183
1.00253
1.00305
1.00343
1.00368
1.0038
1.00382
1.00376
1.00366
1.00351
1.00335
1.00317
1.00299
1.00281
1.00263
1.00245
1.00232
1.00213
1.00199
1.00185
1.00171
1.0016
1.00151
1.00147
1.00155
1.00226
1.01148
1.00116
0.998621
0.998727
0.998893
0.99902
0.999147
0.999281
0.99941
0.999527
0.99963
0.999718
0.999791
0.999848
0.999888
0.999997
0.999887
1.00059
0.999689
1.16118
1.13904
1.00007
1.00087
1.00183
1.00237
1.00317
1.00379
1.0042
1.00445
1.00456
1.00456
1.00449
1.00436
1.00419
1.004
1.0038
1.0036
1.0034
1.00321
1.00302
1.00285
1.0027
1.00255
1.00241
1.00227
1.00216
1.00206
1.00208
1.00209
1.003
1.03604
0.997265
0.997356
0.99768
0.997928
0.998202
0.998456
0.998701
0.998926
0.999132
0.999311
0.999462
0.999589
0.999697
0.999779
0.99991
0.999786
1.00046
0.999731
1.12616
1.10938
1.00009
1.00095
1.00198
1.00264
1.00345
1.00406
1.00446
1.00468
1.00477
1.00475
1.00465
1.0045
1.00432
1.00411
1.0039
1.00369
1.00348
1.00328
1.00308
1.0029
1.00274
1.00258
1.00242
1.00227
1.00213
1.00199
1.00205
1.00191
1.00309
1.08452
0.997275
0.997279
0.997744
0.997979
0.998251
0.998501
0.998741
0.998965
0.999168
0.999346
0.999497
0.999622
0.999723
0.999795
0.999924
0.999827
1.00039
0.999771
1.09868
1.08595
1.00012
1.00106
1.00235
1.00315
1.00406
1.00469
1.0051
1.0053
1.00536
1.00531
1.00517
1.00499
1.00478
1.00455
1.00431
1.00408
1.00385
1.00364
1.00344
1.00325
1.00308
1.00291
1.00275
1.00258
1.00243
1.00227
1.00231
1.00213
1.00482
1.11106
0.996181
0.996702
0.997137
0.997464
0.997794
0.998115
0.998422
0.998709
0.998968
0.999193
0.999385
0.999542
0.999672
0.99977
0.999905
0.999786
1.00032
0.999803
1.07677
1.06723
1.00016
1.00122
1.00265
1.00357
1.00449
1.00513
1.00551
1.00569
1.00571
1.00562
1.00546
1.00525
1.00502
1.00477
1.00452
1.00427
1.00404
1.00382
1.00361
1.00341
1.00323
1.00306
1.00289
1.00272
1.00255
1.00242
1.00236
1.00222
1.00554
0.996512
0.995836
0.996535
0.996945
0.997294
0.997645
0.997981
0.998308
0.998616
0.998895
0.999139
0.999346
0.999517
0.999657
0.999755
0.999897
0.999818
1.00027
0.999832
1.05974
1.05257
1.00023
1.00144
1.00309
1.00412
1.00513
1.00577
1.00614
1.00628
1.00627
1.00614
1.00594
1.00569
1.00542
1.00515
1.00488
1.00461
1.00436
1.00413
1.00391
1.00371
1.00353
1.00335
1.00317
1.003
1.00279
1.00275
1.0024
1.00275
1.00957
0.990649
0.995075
0.99602
0.996446
0.996848
0.997248
0.997642
0.99803
0.998393
0.998723
0.999012
0.999256
0.999455
0.999617
0.999734
0.999887
0.999785
1.00023
0.999856
1.04638
1.04101
1.00032
1.00168
1.0035
1.00466
1.00568
1.00632
1.00665
1.00675
1.0067
1.00653
1.00629
1.00601
1.00572
1.00542
1.00513
1.00485
1.00458
1.00434
1.00411
1.00391
1.00371
1.00353
1.00335
1.00317
1.00295
1.00301
1.00258
1.00345
1.01328
0.988469
0.994285
0.995566
0.996016
0.996457
0.996899
0.997334
0.997764
0.998172
0.998547
0.998877
0.999156
0.999384
0.999569
0.999701
0.999864
0.999809
1.00018
0.999875
1.03602
1.03202
1.00043
1.00201
1.00405
1.00534
1.0064
1.00703
1.00733
1.00739
1.00728
1.00706
1.00678
1.00647
1.00614
1.00581
1.0055
1.0052
1.00493
1.00467
1.00444
1.00423
1.00403
1.00384
1.00366
1.00346
1.00326
1.00329
1.00282
1.00532
1.02601
0.986663
0.993387
0.994896
0.995504
0.995967
0.996459
0.99695
0.997439
0.997911
0.998347
0.998729
0.999051
0.999312
0.999522
0.999673
0.999851
0.999791
1.00016
0.999893
1.02798
1.02497
1.00056
1.00238
1.00461
1.00602
1.0071
1.00771
1.00796
1.00797
1.00781
1.00754
1.00722
1.00687
1.00651
1.00616
1.00582
1.00551
1.00522
1.00496
1.00472
1.00451
1.00431
1.00411
1.00393
1.00371
1.00359
1.00342
1.00329
1.00727
1.05657
0.983705
0.992159
0.99424
0.994856
0.995427
0.995949
0.996496
0.997044
0.997584
0.998084
0.998526
0.9989
0.999204
0.999448
0.999623
0.999815
0.999777
1.00013
0.999905
1.02173
1.0195
1.00071
1.00285
1.0053
1.00683
1.00794
1.00851
1.00872
1.00866
1.00844
1.00812
1.00775
1.00736
1.00697
1.00659
1.00623
1.00591
1.00561
1.00534
1.00509
1.00487
1.00467
1.00447
1.00428
1.00403
1.00404
1.00351
1.0044
1.0116
1.24739
0.978951
0.990355
0.99345
0.994194
0.994816
0.99538
0.995983
0.996602
0.997217
0.997793
0.998309
0.998745
0.999096
0.999376
0.999576
0.999781
0.999765
1.00011
0.999917
1.01691
1.01522
1.00089
1.00336
1.00607
1.00767
1.00878
1.00931
1.00946
1.00934
1.00905
1.00868
1.00826
1.00782
1.0074
1.00699
1.00662
1.00627
1.00596
1.00569
1.00544
1.00521
1.005
1.00479
1.00459
1.00434
1.00442
1.00403
1.00607
1.01764
1.25
0.974008
0.988129
0.992452
0.993389
0.994074
0.994713
0.995368
0.996059
0.996756
0.997425
0.998026
0.998535
0.998948
0.999274
0.999507
0.999743
0.999743
1.00008
0.999924
1.01315
1.01189
1.0011
1.00399
1.00691
1.00865
1.00975
1.01024
1.01031
1.01012
1.00976
1.00932
1.00885
1.00837
1.0079
1.00747
1.00707
1.00671
1.00639
1.00612
1.00587
1.00566
1.00544
1.00522
1.005
1.00479
1.00479
1.00444
1.00878
1.0321
1.25
0.967368
0.985211
0.991169
0.992475
0.993333
0.993965
0.994674
0.995442
0.996232
0.997005
0.997703
0.998299
0.998782
0.999161
0.999433
0.999696
0.999719
1.00005
0.999929
1.01025
1.0093
1.00135
1.0047
1.00786
1.00969
1.01078
1.0112
1.0112
1.01092
1.01049
1.00998
1.00945
1.00892
1.00842
1.00796
1.00753
1.00716
1.00683
1.00655
1.00632
1.00611
1.00588
1.00566
1.00541
1.00531
1.00507
1.00544
1.01277
1.06551
1.25
0.9642
0.981558
0.989547
0.991436
0.992302
0.99307
0.993853
0.994701
0.995593
0.99648
0.997298
0.998002
0.998571
0.999018
0.999336
0.999633
0.999681
1.00002
0.999931
1.008
1.00728
1.00165
1.00554
1.00895
1.01087
1.01194
1.01229
1.0122
1.01183
1.01132
1.01074
1.01014
1.00957
1.00902
1.00853
1.00808
1.00768
1.00734
1.00706
1.00682
1.00657
1.00632
1.00612
1.00587
1.00595
1.00546
1.00716
1.01934
1.18027
1.25
0.972055
0.976905
0.987462
0.99016
0.991272
0.992166
0.99293
0.993853
0.994855
0.995872
0.996826
0.997655
0.998325
0.998851
0.999225
0.999561
0.999646
0.999985
0.99993
1.00625
1.00571
1.00201
1.00648
1.01014
1.01214
1.01316
1.01343
1.01324
1.01277
1.01217
1.01152
1.01086
1.01023
1.00964
1.00911
1.00864
1.00824
1.00789
1.00761
1.00733
1.00701
1.00676
1.00659
1.00641
1.00655
1.00638
1.00982
1.03052
1.25
1.25
1.01493
0.971261
0.985057
0.988669
0.990074
0.990964
0.991883
0.992889
0.994002
0.995164
0.996269
0.99724
0.998033
0.998651
0.999093
0.999478
0.999583
0.999947
0.999925
1.00488
1.00448
1.00243
1.00758
1.01148
1.01355
1.01452
1.01469
1.01438
1.0138
1.0131
1.01236
1.01163
1.01095
1.01032
1.00975
1.00926
1.00883
1.00848
1.0082
1.00786
1.00752
1.00731
1.00718
1.00709
1.00716
1.00721
1.01359
1.0541
1.25
1.25
1.14693
0.965402
0.981928
0.986931
0.98885
0.989827
0.99079
0.991826
0.993051
0.994361
0.995633
0.996763
0.997692
0.998418
0.998936
0.999377
0.99955
0.999902
0.999916
1.00383
1.00353
1.00293
1.00879
1.01295
1.01508
1.01597
1.01602
1.01558
1.01489
1.01408
1.01325
1.01245
1.0117
1.01103
1.01043
1.00991
1.00947
1.00912
1.00876
1.00836
1.00806
1.00797
1.00788
1.00789
1.00775
1.00873
1.0194
1.11127
1.25
1.25
1.25
0.962484
0.978193
0.984841
0.987387
0.988513
0.989461
0.990634
0.991977
0.993442
0.994903
0.996209
0.997297
0.998152
0.99876
0.999263
0.999467
0.999854
0.999904
1.003
1.00279
1.00351
1.01016
1.01459
1.01675
1.01755
1.01746
1.01688
1.01605
1.01513
1.0142
1.01332
1.01251
1.01179
1.01115
1.01061
1.01015
1.00977
1.00932
1.00887
1.00866
1.00868
1.00863
1.00883
1.00835
1.0111
1.02779
1.25
1.25
1.25
1.25
0.970302
0.973695
0.982471
0.985841
0.987149
0.988221
0.98942
0.990853
0.992475
0.994112
0.995613
0.996869
0.997855
0.998562
0.999137
0.99939
0.9998
0.999888
1.00236
1.00222
1.00419
1.01172
1.01637
1.01854
1.01921
1.01896
1.01822
1.01725
1.0162
1.01517
1.01421
1.01334
1.01257
1.0119
1.01135
1.0109
1.01044
1.00988
1.00939
1.00929
1.00942
1.00944
1.00972
1.00973
1.01443
1.04188
1.25
1.25
1.25
1.25
1.01266
0.969034
0.979662
0.984231
0.985686
0.986918
0.988051
0.98966
0.991435
0.99327
0.994974
0.996399
0.997532
0.998348
0.999001
0.999307
0.999743
0.999868
1.00185
1.00178
1.00498
1.01345
1.01832
1.02048
1.02101
1.02058
1.01965
1.01852
1.01734
1.0162
1.01514
1.0142
1.01338
1.01267
1.01209
1.01163
1.01109
1.01047
1.01001
1.01002
1.01024
1.01035
1.01058
1.01106
1.01885
1.06603
1.25
1.25
1.25
1.25
1.12189
0.965301
0.976296
0.982532
0.984302
0.985619
0.986871
0.9885
0.990421
0.992448
0.994325
0.995927
0.997206
0.998125
0.998859
0.999219
0.999686
0.999846
1.00146
1.00145
1.00589
1.01534
1.02042
1.02253
1.02289
1.02226
1.02114
1.01983
1.0185
1.01724
1.0161
1.01508
1.0142
1.01348
1.01288
1.0123
1.01162
1.01097
1.0107
1.01088
1.01115
1.01137
1.01148
1.01287
1.02528
1.11509
1.25
1.25
1.25
1.25
1.25
0.965158
0.972889
0.980628
0.982967
0.984364
0.985595
0.987381
0.989457
0.99166
0.993721
0.995483
0.996882
0.997904
0.998719
0.999132
0.999628
0.999822
1.00115
1.00121
1.00692
1.01742
1.02268
1.02471
1.02486
1.02399
1.02266
1.02116
1.01968
1.01829
1.01704
1.01594
1.01501
1.01425
1.01363
1.01295
1.01217
1.01153
1.01146
1.01181
1.01214
1.01245
1.01239
1.01523
1.03408
1.20642
1.25
1.25
1.25
1.25
1.25
0.972985
0.969956
0.978719
0.981883
0.98328
0.98463
0.986513
0.988695
0.991057
0.993261
0.99512
0.996618
0.997719
0.998595
0.999054
0.999563
0.999798
1.00091
1.00104
1.00808
1.01965
1.02506
1.02699
1.02691
1.02579
1.02422
1.02252
1.02087
1.01935
1.018
1.01682
1.01583
1.01501
1.01425
1.0134
1.01255
1.01208
1.01227
1.0128
1.01316
1.01361
1.0135
1.01844
1.04738
1.25
1.25
1.25
1.25
1.25
1.25
1.00116
0.968605
0.976874
0.981014
0.982378
0.983828
0.98569
0.988172
0.990691
0.992996
0.994917
0.996458
0.99758
0.998494
0.998987
0.999521
0.999774
1.00072
1.00094
1.00937
1.02204
1.02755
1.02932
1.02896
1.02756
1.02573
1.02383
1.022
1.02035
1.01889
1.01764
1.01662
1.01577
1.01489
1.01387
1.01293
1.01263
1.01307
1.01375
1.0141
1.01452
1.01495
1.0223
1.06632
1.25
1.25
1.25
1.25
1.25
1.25
1.05682
0.971363
0.975527
0.980978
0.981838
0.98348
0.985532
0.988121
0.99078
0.993128
0.99501
0.996475
0.997541
0.998454
0.998947
0.999487
0.999753
1.00057
1.0009
1.01077
1.0245
1.03009
1.03168
1.03103
1.02933
1.02725
1.02512
1.02312
1.02132
1.01976
1.01843
1.01735
1.0164
1.01537
1.01426
1.01338
1.01326
1.0139
1.01469
1.01507
1.01539
1.0166
1.02735
1.09793
1.25
1.25
1.25
1.25
1.25
1.25
1.16199
0.983844
0.975159
0.980841
0.981591
0.983429
0.985649
0.988523
0.991354
0.993712
0.995457
0.99673
0.997649
0.998486
0.998941
0.999472
0.999734
1.00045
1.00091
1.01233
1.02708
1.03272
1.03409
1.03311
1.03109
1.02872
1.02637
1.02418
1.02224
1.02057
1.01919
1.01805
1.01694
1.01571
1.01449
1.01382
1.01391
1.01465
1.01548
1.01595
1.01621
1.01837
1.03323
1.14633
1.25
1.25
1.25
1.25
1.25
1.25
1.25
1.01285
0.977936
0.981599
0.982055
0.98397
0.986523
0.989743
0.992735
0.995041
0.996499
0.997395
0.997993
0.998635
0.998992
0.999484
0.999721
1.00036
1.0009
1.01403
1.02939
1.03515
1.03632
1.03504
1.03272
1.03008
1.02749
1.02512
1.02303
1.02125
1.01982
1.01859
1.01735
1.01596
1.01469
1.01425
1.01457
1.01543
1.01632
1.01684
1.017
1.02017
1.04057
1.23075
1.25
1.25
1.25
1.25
1.25
1.25
1.25
1.07152
0.987242
0.983245
0.983047
0.984991
0.987996
0.991535
0.994936
0.997194
0.998243
0.998562
0.998629
0.99893
0.999121
0.999522
0.999723
1.00029
1.0009
1.01576
1.03157
1.03768
1.03865
1.03702
1.03435
1.03139
1.02854
1.02595
1.02369
1.0218
1.02023
1.0188
1.01733
1.01586
1.01479
1.01458
1.01509
1.01609
1.017
1.0176
1.01763
1.02215
1.049
1.25
1.25
1.25
1.25
1.25
1.25
1.25
1.25
1.16011
1.00969
0.986728
0.984993
0.986761
0.990294
0.994472
0.998252
1.00047
1.00097
1.00044
0.999694
0.999448
0.999353
0.999594
0.999742
1.00023
1.00142
1.01892
1.03598
1.04221
1.04257
1.04018
1.03681
1.03328
1.02997
1.02703
1.02453
1.02249
1.02078
1.01914
1.01743
1.01578
1.01489
1.01486
1.01553
1.01664
1.01757
1.01824
1.01815
1.02435
1.05895
1.25
1.25
1.25
1.25
1.25
1.25
1.25
1.25
1.25
1.05771
0.993519
0.987419
0.989126
0.993249
0.998258
1.00258
1.00491
1.00476
1.00313
1.00126
1.00023
0.999682
0.999719
0.999766
1.00018
1.00237
1.02246
1.03973
1.04519
1.04462
1.04153
1.03767
1.03379
1.03024
1.02715
1.02457
1.02249
1.0207
1.01897
1.01713
1.01549
1.01482
1.01497
1.01577
1.01696
1.01791
1.0186
1.01875
1.02643
1.06984
1.25
1.25
1.25
1.25
1.25
1.25
1.25
1.25
1.25
1.149
1.00548
0.991022
0.99246
0.996923
1.00298
1.00817
1.01069
1.00985
1.00687
1.00349
1.00135
1.00015
0.999906
0.999795
1.00015
1.00327
1.02056
1.03803
1.04331
1.04283
1.03991
1.03624
1.03255
1.02917
1.02621
1.02375
1.02169
1.01983
1.01798
1.01618
1.01486
1.01444
1.01474
1.01566
1.01689
1.01782
1.01847
1.01926
1.02827
1.0825
1.25
1.25
1.25
1.25
1.25
1.25
1.25
1.25
1.25
1.25
1.02752
0.996153
0.996416
1.0011
1.00859
1.01465
1.0178
1.01632
1.01177
1.00649
1.00287
1.0008
1.00015
0.999846
1.00012
1.00511
1.01981
1.03824
1.04392
1.04349
1.04045
1.03661
1.03275
1.02923
1.02617
1.02366
1.02152
1.0195
1.01746
1.0155
1.01434
1.01407
1.01449
1.0155
1.01676
1.01764
1.01816
1.01953
1.02978
1.096
1.25
1.25
1.25
1.25
1.25
1.25
1.25
1.25
1.25
1.25
1.06674
1.00301
1.00101
1.00557
1.0148
1.02219
1.02611
1.02415
1.01793
1.01039
1.00486
1.00163
1.00046
0.999912
1.0001
1.01095
1.02199
1.04133
1.04695
1.04594
1.04225
1.03783
1.03349
1.02959
1.02627
1.02357
1.02126
1.01907
1.01683
1.01479
1.01381
1.01366
1.01415
1.0152
1.01646
1.01727
1.0177
1.01948
1.03109
1.11123
1.25
1.25
1.25
1.25
1.25
1.25
1.25
1.25
1.25
1.25
1.14022
1.01262
1.00654
1.01029
1.02155
1.03051
1.03556
1.03337
1.02544
1.01527
1.00742
1.00268
1.00084
0.999993
1.00008
1.0322
1.02322
1.04325
1.04862
1.04711
1.04294
1.03813
1.03349
1.02935
1.02586
1.02296
1.02041
1.01801
1.0157
1.01392
1.01314
1.01306
1.01358
1.01465
1.01588
1.01661
1.01695
1.01907
1.0317
1.12574
1.25
1.25
1.25
1.25
1.25
1.25
1.25
1.25
1.25
1.25
1.25
1.02614
1.0129
1.01504
1.02845
1.03929
1.0458
1.04376
1.03426
1.02123
1.0106
1.00397
1.00131
1.00009
1.00007
1.25
1.02394
1.04427
1.04928
1.04734
1.04283
1.03776
1.03294
1.02867
1.02509
1.02208
1.01937
1.0168
1.01445
1.01287
1.0122
1.01218
1.01273
1.01381
1.015
1.01565
1.01591
1.01836
1.03168
1.14141
1.25
1.25
1.25
1.25
1.25
1.25
1.25
1.25
1.25
1.25
1.25
1.04671
1.02054
1.02
1.03542
1.04842
1.05638
1.05515
1.04428
1.0283
1.01444
1.00554
1.00187
1.00019
1.00005
1.21934
1.02432
1.04469
1.0491
1.04677
1.04195
1.03667
1.03172
1.0274
1.02384
1.02084
1.01808
1.01544
1.01303
1.01159
1.01104
1.01107
1.01162
1.01268
1.0138
1.01436
1.01456
1.01718
1.03085
1.15371
1.25
1.25
1.25
1.25
1.25
1.25
1.25
1.25
1.25
1.25
1.25
1.07756
1.02716
1.02511
1.04195
1.05745
1.06734
1.06714
1.05535
1.03645
1.01897
1.00743
1.00251
1.00031
1.00005
1.03307
1.02458
1.04477
1.04862
1.04594
1.04082
1.03535
1.03027
1.02591
1.02233
1.0193
1.01652
1.01384
1.0115
1.01027
1.0098
1.00982
1.01033
1.01133
1.01236
1.01284
1.01297
1.01564
1.02958
1.16509
1.25
1.25
1.25
1.25
1.25
1.25
1.25
1.25
1.25
1.25
1.25
1.12586
1.03732
1.03088
1.048
1.06632
1.07807
1.07939
1.06715
1.04553
1.02421
1.00964
1.00325
1.00044
1.00004
1.01278
1.02526
1.04472
1.04804
1.04502
1.03963
1.03397
1.02876
1.02432
1.02061
1.01742
1.01456
1.01191
1.00988
1.00884
1.00841
1.0084
1.00882
1.00971
1.0106
1.01102
1.01113
1.01369
1.02709
1.17162
1.25
1.25
1.25
1.25
1.25
1.25
1.25
1.25
1.25
1.25
1.25
1.20122
1.04804
1.03739
1.05311
1.07449
1.08824
1.09144
1.07936
1.05542
1.03014
1.01218
1.00409
1.00058
1.00004
1.00688
1.02551
1.04424
1.04696
1.04359
1.03797
1.03215
1.02686
1.02236
1.0186
1.01533
1.01242
1.00986
1.00808
1.00717
1.00678
1.00676
1.00708
1.00782
1.00851
1.0089
1.00904
1.01138
1.02425
1.17579
1.25
1.25
1.25
1.25
1.25
1.25
1.25
1.25
1.25
1.25
1.25
1.25
1.05999
1.04498
1.05763
1.0818
1.09779
1.1028
1.09152
1.06579
1.03667
1.015
1.00503
1.00074
1.00003
1.00436
1.02534
1.04309
1.04513
1.04142
1.0356
1.0297
1.0244
1.01994
1.01621
1.01297
1.0101
1.00767
1.00607
1.00527
1.00492
1.00487
1.00509
1.00563
1.00617
1.0065
1.00669
1.00867
1.01993
1.17328
1.25
1.25
1.25
1.25
1.25
1.25
1.25
1.25
1.25
1.25
1.25
1.25
1.07677
1.05089
1.06247
1.08772
1.10627
1.11312
1.10319
1.07639
1.04358
1.01816
1.00604
1.00087
1.00003
1.00309
1.02461
1.0411
1.0424
1.03837
1.03244
1.02655
1.02135
1.01704
1.01348
1.01036
1.00763
1.00532
1.00392
1.00325
1.00294
1.00284
1.00297
1.00317
1.00368
1.00391
1.00412
1.00561
1.01501
1.16659
1.25
1.25
1.25
1.25
1.25
1.25
1.25
1.25
1.25
1.25
1.25
1.25
1.10441
1.05398
1.06751
1.0929
1.11349
1.12236
1.11399
1.08679
1.05076
1.02169
1.00707
1.00102
1.00002
1.00236
1.02318
1.03824
1.03883
1.03458
1.02865
1.02289
1.01789
1.01381
1.01047
1.00755
1.00501
1.0029
1.00175
1.0012
1.00092
1.00078
1.00077
1.00088
1.00108
1.0013
1.00148
1.00237
1.00936
1.15275
1.25
1.25
1.25
1.25
1.25
1.25
1.25
1.25
1.25
1.25
1.25
1.25
1.13504
1.06148
1.07094
1.09747
1.11917
1.13001
1.12358
1.09666
1.05812
1.02533
1.00819
1.0012
1.00003
1.00193
1.02154
1.03504
1.03496
1.03057
1.02468
1.01907
1.01427
1.01034
1.00712
1.0044
1.0021
1.00037
0.99947
0.998991
0.998687
0.998463
0.998274
0.998269
0.998204
0.998422
0.998601
0.998808
1.00254
1.1357
1.25
1.25
1.25
1.25
1.25
1.25
1.25
1.25
1.25
1.25
1.25
1.25
1.17437
1.07021
1.0744
1.10121
1.12381
1.13618
1.13173
1.10567
1.06534
1.02907
1.0094
1.00139
1.00003
1.00141
1.01985
1.03182
1.03113
1.02656
1.0207
1.01521
1.01056
1.00677
1.00366
1.00115
0.999137
0.997791
0.997079
0.996671
0.996357
0.996038
0.995681
0.995354
0.995224
0.995391
0.995572
0.99495
0.994601
1.111
1.25
1.25
1.25
1.25
1.25
1.25
1.25
1.25
1.25
1.25
1.25
1.25
1.22089
1.07906
1.07736
1.10436
1.12716
1.14083
1.13823
1.11357
1.07218
1.03283
1.01065
1.00159
1.00003
1.00092
1.01785
1.02869
1.02722
1.02245
1.0166
1.01121
1.0067
1.00307
1.00013
0.997869
0.996181
0.995148
0.994627
0.994304
0.993996
0.993604
0.993069
0.99251
0.992195
0.992352
0.992478
0.990888
0.985926
1.08217
1.25
1.25
1.25
1.25
1.25
1.25
1.25
1.25
1.25
1.25
1.25
1.25
1.25
1.09162
1.08019
1.10686
1.12988
1.14411
1.14313
1.12012
1.07844
1.03653
1.01192
1.0018
1.00003
1.00089
1.01561
1.02527
1.02296
1.01804
1.01225
1.00701
1.00269
0.999246
0.996524
0.994536
0.993181
0.992439
0.9921
0.99186
0.991549
0.99107
0.990348
0.989551
0.989069
0.989203
0.989228
0.98648
0.976012
1.04566
1.25
1.25
1.25
1.25
1.25
1.25
1.25
1.25
1.25
1.25
1.25
1.25
1.25
1.10086
1.08503
1.10886
1.13178
1.14628
1.14649
1.12527
1.08393
1.04005
1.0132
1.00201
1.00004
1.00096
1.01349
1.02129
1.01835
1.01334
1.0077
1.00269
0.998614
0.995418
0.992966
0.991289
0.990258
0.989759
0.989562
0.989389
0.989075
0.988503
0.987583
0.986569
0.985957
0.986083
0.985888
0.98177
0.964781
1.00415
1.25
1.25
1.25
1.25
1.25
1.25
1.25
1.25
1.25
1.25
1.25
1.25
1.25
1.11628
1.08783
1.11182
1.13332
1.14773
1.14863
1.12903
1.08857
1.04334
1.01446
1.00222
1.00004
1.0009
1.01121
1.01716
1.0136
1.0085
1.00302
0.998268
0.994476
0.991561
0.989423
0.988111
0.987428
0.987162
0.987068
0.986911
0.986553
0.985878
0.984752
0.983528
0.982825
0.982945
0.982461
0.976665
0.95171
0.953964
1.25
1.25
1.25
1.25
1.25
1.25
1.25
1.25
1.25
1.25
1.25
1.25
1.25
1.13158
1.09277
1.11394
1.13522
1.1486
1.1499
1.13162
1.09234
1.04634
1.01571
1.00243
1.00005
1.00083
1.00885
1.01299
1.00883
1.00361
0.99829
0.993789
0.99028
0.987657
0.985853
0.984944
0.98465
0.984652
0.984673
0.984507
0.984053
0.983225
0.981894
0.98048
0.979719
0.979836
0.978916
0.97107
0.936327
0.89669
1.25
1.25
1.25
1.25
1.25
1.25
1.25
1.25
1.25
1.25
1.25
1.25
1.25
1.146
1.09936
1.1165
1.13742
1.14977
1.15081
1.13344
1.09541
1.04908
1.01694
1.00266
1.00005
1.00076
1.00643
1.00878
1.00406
0.99875
0.993576
0.989316
0.986078
0.983735
0.982267
0.981772
0.981875
0.982153
0.982307
0.982139
0.981561
0.980512
0.978948
0.977376
0.976606
0.976701
0.975294
0.964979
0.918667
0.826726
1.25
1.25
1.25
1.25
1.25
1.25
1.25
1.25
1.25
1.25
1.25
1.11404
1.25
1.16332
1.10614
1.11999
1.14029
1.15155
1.15196
1.13507
1.09811
1.05166
1.01818
1.00289
1.00006
1.0007
1.00402
1.00465
0.999415
0.994016
0.988988
0.984962
0.981988
0.979917
0.978781
0.978698
0.979186
0.979718
0.97999
0.979809
0.979083
0.977769
0.976004
0.974242
0.973487
0.97342
0.971516
0.958052
0.898198
0.743397
1.25
1.25
1.25
1.25
1.25
1.25
1.25
1.25
1.25
1.25
1.25
0.917769
1.25
1.18272
1.11419
1.12425
1.14438
1.15454
1.15422
1.13725
1.10094
1.05426
1.01948
1.00314
1.00006
1.00066
1.00168
1.0007
0.994991
0.989506
0.984617
0.980813
0.978094
0.976291
0.975487
0.975822
0.976695
0.977478
0.977859
0.977652
0.976751
0.975114
0.973102
0.971075
0.970425
0.970212
0.967365
0.950191
0.873494
0.646025
1.25
1.25
1.25
1.25
1.25
1.25
1.25
1.25
1.25
1.25
1.25
0.692752
1.25
1.20482
1.12298
1.12972
1.14975
1.15925
1.15827
1.14078
1.10465
1.05722
1.02094
1.00341
1.00007
1.00062
0.99944
0.996964
0.99082
0.985242
0.980468
0.97686
0.974373
0.972821
0.972343
0.973097
0.974358
0.975398
0.975906
0.975698
0.974643
0.972648
0.970173
0.967902
0.967366
0.967121
0.962756
0.941094
0.842195
0.536484
1.25
1.25
1.25
1.25
1.25
1.25
1.25
1.25
1.25
1.25
1.25
0.424997
1.25
1.23026
1.13318
1.13635
1.15692
1.16613
1.16487
1.14684
1.11009
1.06096
1.02263
1.00371
1.00008
1.00059
0.997343
0.993472
0.986913
0.981213
0.976512
0.973058
0.970766
0.969432
0.969256
0.970416
0.97205
0.97333
0.973947
0.973731
0.972535
0.970215
0.967241
0.964842
0.964339
0.963846
0.957499
0.930356
0.802847
0.416302
1.25
1.25
1.25
1.25
1.25
1.25
1.25
1.25
1.25
1.25
1.25
0.107805
1.25
1.25
1.14458
1.14438
1.16593
1.17564
1.17472
1.15658
1.11843
1.06622
1.02484
1.00406
1.00008
1.00056
0.995388
0.990254
0.983308
0.977471
0.972809
0.96947
0.967335
0.966187
0.966287
0.967829
0.969811
0.971296
0.97197
0.97168
0.970281
0.967626
0.964312
0.96183
0.961382
0.960306
0.951518
0.9171
0.752146
0.301536
1.25
1.25
1.25
1.25
1.25
1.25
1.25
1.25
1.25
1.25
1.25
0
1.25
1.25
1.1577
1.15384
1.17717
1.18805
1.18843
1.17037
1.1309
1.07375
1.02778
1.00445
1.00009
1.00055
0.993676
0.987385
0.98008
0.974087
0.96943
0.966171
0.964162
0.963169
0.963522
0.965423
0.967727
0.969382
0.970064
0.969637
0.967977
0.964968
0.961414
0.958849
0.958479
0.95647
0.944613
0.900621
0.68866
0.222649
1.25
1.25
1.25
1.25
1.25
1.25
1.25
1.25
1.25
1.25
1.25
0
1.25
1.25
1.17218
1.16471
1.19031
1.20321
1.2058
1.18876
1.1474
1.08349
1.0311
1.00476
1.00011
1.00053
0.992128
0.984886
0.977265
0.971108
0.966425
0.963209
0.96129
0.960423
0.961
0.96323
0.96582
0.967605
0.968238
0.967593
0.965587
0.962244
0.958512
0.955895
0.955576
0.952004
0.936771
0.879479
0.60635
0.247333
1.25
1.25
1.25
1.25
1.25
1.25
1.25
1.25
1.25
1.25
1.25
0.168591
1.25
1.25
1.18855
1.17736
1.20613
1.22195
1.22812
1.21356
1.17121
1.09841
1.03622
1.00542
1.00011
1.00054
0.99091
0.982707
0.974803
0.968475
0.963744
0.960546
0.958695
0.957947
0.958727
0.961263
0.964104
0.965989
0.966528
0.965574
0.963062
0.959453
0.955515
0.953001
0.952578
0.946748
0.927646
0.851352
0.502425
0.405046
1.25
1.25
1.25
1.25
1.25
1.25
1.25
1.25
1.25
1.25
1.25
0.533795
1.25
1.25
1.20671
1.19118
1.22411
1.24362
1.25
1.24401
1.2018
1.1187
1.04359
1.00634
1.00011
1.00048
0.989844
0.981045
0.972851
0.966317
0.961487
0.95826
0.956441
0.955818
0.956772
0.959598
0.962642
0.964611
0.965042
0.963732
0.960571
0.956762
0.952379
0.950282
0.949361
0.941509
0.916412
0.813961
0.363347
0.687932
1.25
1.25
1.25
1.25
1.25
1.25
1.25
1.25
1.25
1.25
1.25
0.835263
1.25
1.25
1.22703
1.20643
1.24412
1.25
1.25
1.25
1.2375
1.14299
1.0519
1.007
1.00013
1.00058
0.988646
0.979033
0.97091
0.964359
0.959528
0.956313
0.954538
0.954028
0.955156
0.958249
0.961477
0.963513
0.963848
0.962242
0.958464
0.954051
0.949168
0.947664
0.94584
0.934988
0.902119
0.765877
0.178209
0.993842
1.25
1.25
1.25
1.25
1.25
1.25
1.25
1.25
1.25
1.25
1.25
1.06047
1.25
1.25
1.24842
1.22411
1.25
1.25
1.25
1.25
1.25
1.17732
1.06421
1.00807
1.00014
1.00059
0.988137
0.978516
0.970093
0.963305
0.958297
0.95495
0.95309
0.95255
0.953799
0.957064
0.960428
0.96244
0.962605
0.960704
0.956467
0.951164
0.946146
0.945066
0.941563
0.927673
0.883309
0.704688
0
1.25
1.25
1.25
1.25
1.25
1.25
1.25
1.25
1.25
1.25
1.25
1.25
1.23792
1.25
1.25
1.25
1.24307
1.25
1.25
1.25
1.25
1.25
1.21264
1.07783
1.00928
1.00012
1.00042
0.989632
0.979789
0.970721
0.963338
0.957851
0.954134
0.952003
0.951298
0.952566
0.95592
0.959321
0.961175
0.96099
0.95861
0.953951
0.948139
0.943151
0.942326
0.935896
0.9187
0.85796
0.62419
0
1.25
1.25
1.25
1.25
1.25
1.25
1.25
1.25
1.25
1.25
1.25
1.25
1.25
1.25
1.25
1.25
1.25
1.25
1.25
1.25
1.25
1.25
1.25
1.09822
1.01157
1.00013
1.00037
0.990887
0.980168
0.970995
0.963248
0.957415
0.953395
0.951019
0.950192
0.95149
0.954938
0.958323
0.959939
0.959265
0.956123
0.951083
0.944972
0.940338
0.939242
0.93056
0.907427
0.823899
0.516482
0
1.25
1.25
1.25
1.25
1.25
1.25
1.25
1.25
1.25
1.25
1.25
1.25
1.25
1.25
1.25
1.25
1.25
1.25
1.25
1.25
1.25
1.25
1.25
1.12361
1.01434
1.00022
1.00038
0.989895
0.979818
0.970707
0.962916
0.95695
0.952766
0.950233
0.949351
0.950723
0.954269
0.957603
0.958923
0.957663
0.953481
0.948454
0.94145
0.937829
0.935407
0.923275
0.892846
0.778447
0.369816
0
1.25
1.25
1.25
1.25
1.25
1.25
1.25
1.25
1.25
1.25
1.25
1.25
1.25
1.25
1.25
1.25
1.25
1.25
1.25
1.25
1.25
1.25
1.25
1.14473
1.01527
1.00021
1.00051
0.988724
0.979378
0.970429
0.962715
0.956702
0.952425
0.949788
0.948892
0.950373
0.954013
0.957279
0.958312
0.95655
0.951416
0.945882
0.937869
0.935534
0.930857
0.915567
0.873425
0.718623
0.166144
0.343552
1.25
1.25
1.25
1.25
1.25
1.25
1.25
1.25
1.25
1.25
1.25
1.25
1.25
1.25
1.25
1.25
1.25
1.25
1.25
1.25
1.25
1.25
1.25
1.17659
1.01775
1.00019
1.0006
0.989278
0.979658
0.970787
0.962981
0.956819
0.952378
0.949576
0.948615
0.950161
0.953832
0.956942
0.957615
0.955352
0.949715
0.942782
0.934885
0.933225
0.924658
0.90635
0.847149
0.640136
0
0.822878
1.25
1.25
1.25
1.25
1.25
1.25
1.25
1.25
1.25
1.25
1.25
1.25
1.25
1.25
1.25
1.25
1.25
1.25
1.25
1.25
1.25
1.25
1.25
1.21248
1.02183
1.00022
1.00058
0.991079
0.980897
0.971902
0.963765
0.957281
0.95254
0.949453
0.948318
0.949823
0.953415
0.956199
0.956262
0.953072
0.947077
0.93914
0.93207
0.93017
0.917785
0.894265
0.810866
0.533497
0
1.25
1.25
1.25
1.25
1.25
1.25
1.25
1.25
1.25
1.25
1.25
1.25
1.25
1.25
1.25
1.25
1.25
1.25
1.25
1.25
1.25
1.25
1.25
1.25
1.25
1.02574
1.00023
1.00055
0.992621
0.982402
0.973278
0.964824
0.958012
0.952967
0.949598
0.948272
0.949722
0.953176
0.955531
0.954815
0.950184
0.944278
0.934968
0.929512
0.925783
0.911072
0.877701
0.761563
0.387209
0
1.25
1.25
1.25
1.25
1.25
1.25
1.25
1.25
1.25
1.25
1.25
1.25
1.25
1.25
1.25
1.25
1.25
1.25
1.25
1.25
1.25
1.25
1.25
1.25
1.25
1.03052
1.00025
1.00055
0.993884
0.983939
0.974761
0.966099
0.959037
0.953772
0.950212
0.948755
0.950203
0.953511
0.955431
0.954024
0.947996
0.942047
0.930907
0.927432
0.91996
0.901729
0.855229
0.694724
0.183575
0.0852832
1.25
1.25
1.25
1.25
1.25
1.25
1.25
1.25
1.25
1.25
1.25
1.25
1.25
1.25
1.25
1.25
1.25
1.25
1.25
1.25
1.25
1.25
1.25
1.25
1.25
1.03582
1.00027
1.00055
0.99528
0.985611
0.976408
0.967571
0.960279
0.954799
0.951056
0.949469
0.950869
0.953953
0.955342
0.953223
0.946511
0.938995
0.927981
0.925398
0.912229
0.89129
0.824012
0.605863
0
0.614479
1.25
1.25
1.25
1.25
1.25
1.25
1.25
1.25
1.25
1.25
1.25
1.25
1.25
1.25
1.25
1.25
1.25
1.25
1.25
1.25
1.25
1.25
1.25
1.25
1.25
1.04205
1.00029
1.00057
0.996786
0.987367
0.97813
0.969094
0.961526
0.955765
0.951751
0.949978
0.951209
0.953881
0.954459
0.951034
0.944161
0.934763
0.925765
0.921881
0.905834
0.877208
0.780525
0.484352
0
1.08469
1.25
1.25
1.25
1.25
1.25
1.25
1.25
1.25
1.25
1.25
1.25
1.25
1.25
1.25
1.25
1.25
1.25
1.25
1.25
1.25
1.25
1.25
1.25
1.25
1.25
1.04893
1.00031
1.00059
0.99839
0.989194
0.979919
0.970673
0.962824
0.956794
0.952543
0.950594
0.951689
0.953808
0.953377
0.947902
0.941769
0.929465
0.923549
0.915724
0.896235
0.856475
0.721331
0.313518
0
1.25
1.25
1.25
1.25
1.25
1.25
1.25
1.25
1.25
1.25
1.25
1.25
1.25
1.25
1.25
1.25
1.25
1.25
1.25
1.25
1.25
1.25
1.25
1.25
1.25
1.25
1.05684
1.00033
1.00062
1.00012
0.991143
0.98187
0.972471
0.964416
0.958216
0.953861
0.951834
0.952912
0.954517
0.953234
0.945936
0.940145
0.925201
0.9215
0.907719
0.8865
0.827307
0.64206
0.0732103
0.183136
1.25
1.25
1.25
1.25
1.25
1.25
1.25
1.25
1.25
1.25
1.25
1.25
1.25
1.25
1.25
1.25
1.25
1.25
1.25
1.25
1.25
1.25
1.25
1.25
1.25
1.25
1.06544
1.00036
1.00065
1.00194
0.993172
0.983899
0.97435
0.966105
0.959741
0.955242
0.953102
0.953976
0.95502
0.952567
0.944809
0.936503
0.923424
0.919291
0.898765
0.873658
0.787457
0.531031
0
0.69415
1.25
1.25
1.25
1.25
1.25
1.25
1.25
1.25
1.25
1.25
1.25
1.25
1.25
1.25
1.25
1.25
1.25
1.25
1.25
1.25
1.25
1.25
1.25
1.25
1.25
1.25
1.07513
1.00039
1.00068
1.00382
0.995166
0.985801
0.975988
0.96744
0.960852
0.956113
0.953865
0.954247
0.954491
0.949829
0.942804
0.930581
0.921883
0.91392
0.892078
0.854835
0.731167
0.376693
0
1.1712
1.25
1.25
1.25
1.25
1.25
1.25
1.25
1.25
1.25
1.25
1.25
1.25
1.25
1.25
1.25
1.25
1.25
1.25
1.25
1.25
1.25
1.25
1.25
1.25
1.25
1.25
1.0855
1.00042
1.00072
1.00572
0.997076
0.987487
0.977258
0.968307
0.961518
0.956712
0.954684
0.954762
0.954112
0.946949
0.941267
0.924653
0.920081
0.904221
0.881295
0.826768
0.655557
0.159233
0
1.25
1.25
1.25
1.25
1.25
1.25
1.25
1.25
1.25
1.25
1.25
1.25
1.25
1.25
1.25
1.25
1.25
1.25
1.25
1.25
1.25
1.25
1.25
1.25
1.25
1.25
1.25
1.09698
1.00045
1.00077
1.00766
0.998923
0.989004
0.978241
0.968761
0.96177
0.957134
0.955429
0.955649
0.954021
0.945477
0.939375
0.921908
0.917732
0.893653
0.868605
0.787564
0.552899
0
0.451462
1.25
1.25
1.25
1.25
1.25
1.25
1.25
1.25
1.25
1.25
1.25
1.25
1.25
1.25
1.25
1.25
1.25
1.25
1.25
1.25
1.25
1.25
1.25
1.25
1.25
1.25
1.25
1.10906
1.0005
1.00082
1.00972
1.00084
0.990609
0.979316
0.969266
0.961869
0.957433
0.95551
0.955783
0.952193
0.943999
0.933912
0.922172
0.912795
0.887756
0.850782
0.732262
0.40501
0
0.956892
1.25
1.25
1.25
1.25
1.25
1.25
1.25
1.25
1.25
1.25
1.25
1.25
1.25
1.25
1.25
1.25
1.25
1.25
1.25
1.25
1.25
1.25
1.25
1.25
1.25
1.25
1.25
1.12221
1.00055
1.00088
1.01199
1.00303
0.992626
0.98093
0.970576
0.962705
0.958428
0.95612
0.955837
0.948981
0.943059
0.926065
0.92108
0.902146
0.877134
0.823273
0.657579
0.19868
0
1.25
1.25
1.25
1.25
1.25
1.25
1.25
1.25
1.25
1.25
1.25
1.25
1.25
1.25
1.25
1.25
1.25
1.25
1.25
1.25
1.25
1.25
1.25
1.25
1.25
1.25
1.25
1.25
1.13581
1.00061
1.00094
1.01449
1.0055
0.995065
0.983136
0.972635
0.96446
0.96012
0.957984
0.957038
0.947317
0.943261
0.921898
0.918371
0.889241
0.864306
0.783522
0.557971
0
0.286047
1.25
1.25
1.25
1.25
1.25
1.25
1.25
1.25
1.25
1.25
1.25
1.25
1.25
1.25
1.25
1.25
1.25
1.25
1.25
1.25
1.25
1.25
1.25
1.25
1.25
1.25
1.25
1.25
1.1504
1.00068
1.00101
1.0172
1.00821
0.997832
0.985711
0.975099
0.966524
0.961479
0.959178
0.956885
0.946914
0.939098
0.923254
0.913437
0.883739
0.846425
0.727337
0.415862
0
0.809185
1.25
1.25
1.25
1.25
1.25
1.25
1.25
1.25
1.25
1.25
1.25
1.25
1.25
1.25
1.25
1.25
1.25
1.25
1.25
1.25
1.25
1.25
1.25
1.25
1.25
1.25
1.25
1.25
1.16626
1.00076
1.00107
1.02008
1.01117
1.00104
0.988912
0.978409
0.969383
0.963241
0.959857
0.954097
0.946499
0.930422
0.92401
0.902445
0.873657
0.818744
0.651708
0.214362
0
1.25
1.25
1.25
1.25
1.25
1.25
1.25
1.25
1.25
1.25
1.25
1.25
1.25
1.25
1.25
1.25
1.25
1.25
1.25
1.25
1.25
1.25
1.25
1.25
1.25
1.25
1.25
1.25
1.25
1.18282
1.00087
1.00114
1.0231
1.0142
1.00424
0.992041
0.981743
0.972544
0.966078
0.961719
0.951437
0.947049
0.92424
0.921233
0.887039
0.860253
0.778566
0.552287
0
0.171541
1.25
1.25
1.25
1.25
1.25
1.25
1.25
1.25
1.25
1.25
1.25
1.25
1.25
1.25
1.25
1.25
1.25
1.25
1.25
1.25
1.25
1.25
1.25
1.25
1.25
1.25
1.25
1.25
1.25
1.19386
1.00099
1.0012
1.02611
1.0169
1.00653
0.993503
0.982676
0.973151
0.967772
0.963224
0.949991
0.94517
0.925072
0.913815
0.881501
0.841225
0.719572
0.413612
0
0.706126
1.25
1.25
1.25
1.25
1.25
1.25
1.25
1.25
1.25
1.25
1.25
1.25
1.25
1.25
1.25
1.25
1.25
1.25
1.25
1.25
1.25
1.25
1.25
1.25
1.25
1.25
1.25
1.25
1.25
1.21347
1.00115
1.00128
1.02924
1.0195
1.00832
0.993764
0.981569
0.971077
0.965668
0.961528
0.948985
0.936917
0.928843
0.901842
0.872183
0.812865
0.641213
0.214666
0
1.25
1.25
1.25
1.25
1.25
1.25
1.25
1.25
1.25
1.25
1.25
1.25
1.25
1.25
1.25
1.25
1.25
1.25
1.25
1.25
1.25
1.25
1.25
1.25
1.25
1.25
1.25
1.25
1.25
1.25
1.23007
1.00133
1.00134
1.03288
1.02286
1.01183
0.99664
0.983486
0.972621
0.964563
0.958116
0.950176
0.927469
0.926698
0.886301
0.85795
0.771736
0.542177
0
0.0830328
1.25
1.25
1.25
1.25
1.25
1.25
1.25
1.25
1.25
1.25
1.25
1.25
1.25
1.25
1.25
1.25
1.25
1.25
1.25
1.25
1.25
1.25
1.25
1.25
1.25
1.25
1.25
1.25
1.25
1.25
1.24739
1.00156
1.00138
1.0374
1.02773
1.01764
1.00338
0.989951
0.979318
0.969107
0.956665
0.952049
0.926803
0.916601
0.87945
0.837778
0.70914
0.405181
0
0.619574
1.25
1.25
1.25
1.25
1.25
1.25
1.25
1.25
1.25
1.25
1.25
1.25
1.25
1.25
1.25
1.25
1.25
1.25
1.25
1.25
1.25
1.25
1.25
1.25
1.25
1.25
1.25
1.25
1.25
1.25
1.25
1.00185
1.00135
1.04249
1.03304
1.02335
1.00956
0.994955
0.984683
0.97279
0.956888
0.946388
0.932492
0.902989
0.870665
0.80813
0.627987
0.209799
0
1.22056
1.25
1.25
1.25
1.25
1.25
1.25
1.25
1.25
1.25
1.25
1.25
1.25
1.25
1.25
1.25
1.25
1.25
1.25
1.25
1.25
1.25
1.25
1.25
1.25
1.25
1.25
1.25
1.25
1.25
1.25
1.25
1.0022
1.00129
1.04816
1.03845
1.02811
1.01307
0.995511
0.986507
0.972004
0.957469
0.936841
0.932017
0.888381
0.856069
0.765187
0.527748
0
0.0259733
1.25
1.25
1.25
1.25
1.25
1.25
1.25
1.25
1.25
1.25
1.25
1.25
1.25
1.25
1.25
1.25
1.25
1.25
1.25
1.25
1.25
1.25
1.25
1.25
1.25
1.25
1.25
1.25
1.25
1.25
1.25
1.25
1.00264
1.00107
1.05558
1.04505
1.03491
1.01758
0.995522
0.986515
0.970678
0.958183
0.933011
0.920727
0.881412
0.83449
0.69973
0.392235
0
0.549097
1.25
1.25
1.25
1.25
1.25
1.25
1.25
1.25
1.25
1.25
1.25
1.25
1.25
1.25
1.25
1.25
1.25
1.25
1.25
1.25
1.25
1.25
1.25
1.25
1.25
1.25
1.25
1.25
1.25
1.25
1.25
1.25
1.00319
1.0007
1.06586
1.05422
1.0449
1.02523
0.99766
0.984254
0.96972
0.955305
0.936286
0.902031
0.872898
0.802812
0.616254
0.200272
0
1.13004
1.25
1.25
1.25
1.25
1.25
1.25
1.25
1.25
1.25
1.25
1.25
1.25
1.25
1.25
1.25
1.25
1.25
1.25
1.25
1.25
1.25
1.25
1.25
1.25
1.25
1.25
1.25
1.25
1.25
1.25
1.25
1.25
1.0039
0.99992
1.08005
1.06596
1.05745
1.03353
1.00275
0.981753
0.967771
0.946961
0.937921
0.889847
0.857686
0.757444
0.514819
0
0
1.25
1.25
1.25
1.25
1.25
1.25
1.25
1.25
1.25
1.25
1.25
1.25
1.25
1.25
1.25
1.25
1.25
1.25
1.25
1.25
1.25
1.25
1.25
1.25
1.25
1.25
1.25
1.25
1.25
1.25
1.25
1.25
1.25
1.0048
0.998662
1.09955
1.07988
1.07169
1.04055
1.01003
0.984103
0.965193
0.940477
0.928581
0.88145
0.835765
0.689988
0.381322
0
0.458761
1.25
1.25
1.25
1.25
1.25
1.25
1.25
1.25
1.25
1.25
1.25
1.25
1.25
1.25
1.25
1.25
1.25
1.25
1.25
1.25
1.25
1.25
1.25
1.25
1.25
1.25
1.25
1.25
1.25
1.25
1.25
1.25
1.25
1.00596
0.996448
1.12991
1.0992
1.09136
1.04924
1.01528
0.989096
0.962422
0.938221
0.905592
0.873889
0.801584
0.60328
0.192929
0
1.04408
1.25
1.25
1.25
1.25
1.25
1.25
1.25
1.25
1.25
1.25
1.25
1.25
1.25
1.25
1.25
1.25
1.25
1.25
1.25
1.25
1.25
1.25
1.25
1.25
1.25
1.25
1.25
1.25
1.25
1.25
1.25
1.25
1.25
1.0075
0.993001
1.17462
1.12733
1.11672
1.0586
1.0163
0.990778
0.957159
0.934894
0.88836
0.849891
0.742057
0.487598
0
0
1.25
1.25
1.25
1.25
1.25
1.25
1.25
1.25
1.25
1.25
1.25
1.25
1.25
1.25
1.25
1.25
1.25
1.25
1.25
1.25
1.25
1.25
1.25
1.25
1.25
1.25
1.25
1.25
1.25
1.25
1.25
1.25
1.25
1.25
1.00951
0.987805
1.23643
1.15789
1.13961
1.06322
1.01484
0.990395
0.955466
0.932453
0.884018
0.83016
0.674221
0.353479
0
0.423668
1.25
1.25
1.25
1.25
1.25
1.25
1.25
1.25
1.25
1.25
1.25
1.25
1.25
1.25
1.25
1.25
1.25
1.25
1.25
1.25
1.25
1.25
1.25
1.25
1.25
1.25
1.25
1.25
1.25
1.25
1.25
1.25
1.25
1.25
1.01244
0.950273
0.353633
0.0483841
1.25
0
1.25
1.25
1.25
1.25
1.25
1.25
1.25
1.25
1.25
1.25
1.25
1.25
1.25
1.25
1.25
1.25
1.25
1.25
1.25
1.25
1.25
1.25
1.25
1.25
1.25
1.25
1.25
1.25
1.25
1.25
1.25
1.25
1.25
1.25
1.25
1.25
1.25
1.25
1.25
1.25
1.25
1.25
1.25
1.21656
1.01929
0.950465
0.377878
0.675396
1.25
0
1.25
1.25
1.25
1.25
1.25
1.25
1.25
1.25
1.25
1.25
1.25
1.25
1.25
1.25
1.25
1.25
1.25
1.25
1.25
1.25
1.25
1.25
1.25
1.25
1.25
1.25
1.25
1.25
1.25
1.25
1.25
1.25
1.25
1.25
1.25
1.25
1.25
1.25
1.25
1.25
1.25
1.25
1.25
1.22162
1.01891
0.950442
0.4001
0.303191
1.25
0
1.25
1.25
1.25
1.25
1.25
1.25
1.25
1.25
1.25
1.25
1.25
1.25
1.25
1.25
1.25
1.25
1.25
1.25
1.25
1.25
1.25
1.25
1.25
1.25
1.25
1.25
1.25
1.25
1.25
1.25
1.25
1.25
1.25
1.25
1.25
1.25
1.25
1.25
1.25
1.25
1.25
1.25
1.25
1.22437
1.0186
0.950627
0.425212
0.752793
1.25
0
1.25
1.25
1.25
1.25
1.25
1.25
1.25
1.25
1.25
1.25
1.25
1.25
1.25
1.25
1.25
1.25
1.25
1.25
1.25
1.25
1.25
1.25
1.25
1.25
1.25
1.25
1.25
1.25
1.25
1.25
1.25
1.25
1.25
1.25
1.25
1.25
1.25
1.25
1.25
1.25
1.25
1.25
1.25
1.22682
1.01836
0.950436
0.449133
0.443067
1.25
0
1.25
1.25
1.25
1.25
1.25
1.25
1.25
1.25
1.25
1.25
1.25
1.25
1.25
1.25
1.25
1.25
1.25
1.25
1.25
1.25
1.25
1.25
1.25
1.25
1.25
1.25
1.25
1.25
1.25
1.25
1.25
1.25
1.25
1.25
1.25
1.25
1.25
1.25
1.25
1.25
1.25
1.25
1.25
1.22913
1.01821
0.950719
0.476505
0.718869
1.25
0
1.25
1.25
1.25
1.25
1.25
1.25
1.25
1.25
1.25
1.25
1.25
1.25
1.25
1.25
1.25
1.25
1.25
1.25
1.25
1.25
1.25
1.25
1.25
1.25
1.25
1.25
1.25
1.25
1.25
1.25
1.25
1.25
1.25
1.25
1.25
1.25
1.25
1.25
1.25
1.25
1.25
1.25
1.25
1.23133
1.01813
0.950665
0.501979
0.553645
1.25
0
1.25
1.25
1.25
1.25
1.25
1.25
1.25
1.25
1.25
1.25
1.25
1.25
1.25
1.25
1.25
1.25
1.25
1.25
1.25
1.25
1.25
1.25
1.25
1.25
1.25
1.25
1.25
1.25
1.25
1.25
1.25
1.25
1.25
1.25
1.25
1.25
1.25
1.25
1.25
1.25
1.25
1.25
1.25
1.23346
1.01808
0.950653
0.530966
0.687056
1.25
0
1.25
1.25
1.25
1.25
1.25
1.25
1.25
1.25
0
1.25
1.25
1.25
1.25
1.25
1.25
1.25
1.25
1.25
1.25
1.25
1.25
1.25
1.25
1.25
1.25
1.25
1.25
1.25
1.25
1.25
1.25
1.25
1.25
1.25
1.25
1.25
1.25
1.25
1.25
1.25
1.25
1.25
1.25
1.23557
1.01808
0.951688
0.556851
0.584108
1.25
0
1.25
1.25
1.25
1.25
1.25
1.25
1.25
1.25
1.22525
1.25
1.25
1.25
1.25
1.25
1.25
1.25
1.25
1.25
1.25
1.25
1.25
1.25
1.25
1.25
1.25
1.25
1.25
1.25
1.25
1.25
1.25
1.25
1.25
1.25
1.25
1.25
1.25
1.25
1.25
1.25
1.25
1.25
1.25
1.23769
1.01809
0.950865
0.586789
0.61164
1.25
0
1.25
1.25
1.25
1.25
1.25
1.25
0.154
1.25
0
1.25
1.25
1.25
1.25
1.25
1.25
1.25
1.25
1.25
1.25
1.25
1.25
1.25
1.25
1.25
1.25
1.25
1.25
1.25
1.25
1.25
1.25
1.25
1.25
1.25
1.25
1.25
1.25
1.25
1.25
1.25
1.25
1.25
1.25
1.23989
1.01813
0.952455
0.613744
0.551539
1.25
0
1.25
1.25
1.25
1.25
1.25
1.25
1.1561
1.25
1.25
1.25
1.25
1.25
1.25
1.25
1.25
1.25
1.25
1.25
1.25
1.25
1.25
1.25
1.25
1.25
1.25
1.25
1.25
1.25
1.25
1.25
1.25
1.25
1.25
1.25
1.25
1.25
1.25
1.25
1.25
1.25
1.25
1.25
1.25
1.24216
1.01817
0.951715
0.644957
0.532794
1.25
0
1.25
1.25
1.25
1.25
1.25
1.25
0.34957
1.25
0
1.25
1.25
1.25
1.25
1.25
1.25
1.25
1.25
1.25
1.25
1.25
1.25
1.25
1.25
1.25
1.25
1.25
1.25
1.25
1.25
1.25
1.25
1.25
1.25
1.25
1.25
1.25
1.25
1.25
1.25
1.25
1.25
1.25
1.25
1.24458
1.01822
0.953454
0.672241
0.435389
1.25
0.111049
1.25
1.25
1.25
1.25
1.25
1.25
0
1.25
1.25
1.25
1.25
1.25
1.25
1.25
1.25
1.25
1.25
1.25
1.25
1.25
1.25
1.25
1.25
1.25
1.25
1.25
1.25
1.25
1.25
1.25
1.25
1.25
1.25
1.25
1.25
1.25
1.25
1.25
1.25
1.25
1.25
1.25
1.25
1.2471
1.01828
0.953951
0.704924
0.385743
1.25
0.160714
1.25
1.25
1.25
1.25
1.25
1.25
1.25
1.25
0.466425
1.25
1.25
1.25
1.25
1.25
1.25
1.25
1.25
1.25
1.25
1.25
1.25
1.25
1.25
1.25
1.25
1.25
1.25
1.25
1.25
1.25
1.25
1.25
1.25
1.25
1.25
1.25
1.25
1.25
1.25
1.25
1.25
1.25
1.25
1.24979
1.01833
0.955773
0.732019
0.233064
0.947224
0.0168414
1.25
1.25
1.25
1.25
1.25
1.25
0.453621
1.25
1.25
1.25
1.13966
1.25
1.25
1.25
1.25
1.25
1.25
1.25
1.25
1.25
1.25
1.25
1.25
1.25
1.25
1.25
1.25
1.25
1.25
1.25
1.25
1.25
1.25
1.25
1.25
1.25
1.25
1.25
1.25
1.25
1.25
1.25
1.25
1.25
1.01839
0.958618
0.766536
0.0905576
0.872519
0
1.25
1.25
1.25
1.25
1.25
1.25
1.25
1.25
1.22367
1.25
1.25
1.25
1.25
1.25
1.25
1.25
1.25
1.25
1.25
1.25
1.25
1.25
1.25
1.25
1.25
1.25
1.25
1.25
1.25
1.25
1.25
1.25
1.25
1.25
1.25
1.25
1.25
1.25
1.25
1.25
1.25
1.25
1.25
1.25
1.01844
0.962324
0.793782
0
0.71948
0
1.25
1.25
1.25
1.25
1.25
1.25
0.902899
1.25
1.25
1.25
1.25
1.25
1.25
1.25
1.25
1.25
1.25
1.25
1.25
1.25
1.25
1.25
1.25
1.25
1.25
1.25
1.25
1.25
1.25
1.25
1.25
1.25
1.25
1.25
1.25
1.25
1.25
1.25
1.25
1.25
1.25
1.25
1.25
1.25
1.0185
0.968834
0.82114
0
0.459255
0
1.25
1.25
1.25
1.25
0.863444
1.25
1.25
1.25
1.25
1.25
1.25
1.25
1.25
1.25
1.25
1.25
1.25
1.25
1.25
1.25
1.25
1.25
1.25
1.25
1.25
1.25
1.25
1.25
1.25
1.25
1.25
1.25
1.25
1.25
1.25
1.25
1.25
1.25
1.25
1.25
1.25
1.25
1.25
1.25
1.01855
0.977059
0.854914
0
0.0289127
0
1.25
1.0915
1.25
1.25
1.25
1.25
1.25
1.25
1.25
1.25
1.25
1.25
1.25
1.25
1.25
1.25
1.25
1.25
1.25
1.25
1.25
1.25
1.25
1.25
1.25
1.25
1.25
1.25
1.25
1.25
1.25
1.25
1.25
1.25
1.25
1.25
1.25
1.25
1.25
1.25
1.25
1.25
1.25
1.25
1.01863
0.990482
0.887703
0.0473461
0
0
1.25
1.12088
1.25
1.25
1.25
1.25
1.25
1.25
1.25
1.25
1.25
1.25
1.25
1.25
1.25
1.25
1.25
1.25
1.25
1.25
1.25
1.25
1.25
1.25
1.25
1.25
1.25
1.25
1.25
1.25
1.25
1.25
1.25
1.25
1.25
1.25
1.25
1.25
1.25
1.25
1.25
1.25
1.25
1.25
1.01871
0.991825
0.908708
0.236516
0
0.0146034
1.25
1.15581
1.25
1.25
1.25
1.25
1.25
1.25
1.25
1.25
1.25
1.25
1.25
1.25
1.25
1.25
1.25
1.25
1.25
1.25
1.25
1.25
1.25
1.25
1.25
1.25
1.25
1.25
1.25
1.25
1.25
1.25
1.25
1.25
1.25
1.25
1.25
1.25
1.25
1.25
1.25
1.25
1.25
1.25
1.01883
0.945038
0.90105
0.351041
0
0.470789
1.25
1.25
1.25
1.25
1.25
1.25
1.25
1.25
1.25
1.25
1.25
1.25
1.25
1.25
1.25
1.25
1.25
1.25
1.25
1.25
1.25
1.25
1.25
1.25
1.25
1.25
1.25
1.25
1.25
1.25
1.25
1.25
1.25
1.25
1.25
1.25
1.25
1.25
1.25
1.25
1.25
1.25
1.25
1.25
1.01899
0.91672
0.89719
0.52994
0
0.531488
1.25
1.25
1.25
1.25
1.25
1.25
1.25
1.25
1.25
1.25
1.25
1.25
1.25
1.25
1.25
1.25
1.25
1.25
1.25
1.25
1.25
1.25
1.25
1.25
1.25
1.25
1.25
1.25
1.25
1.25
1.25
1.25
1.25
1.25
1.25
1.25
1.25
1.25
1.25
1.25
1.25
1.25
1.25
1.25
1.01922
0.972982
0.913193
0.651189
0
0.466467
1.25
1.25
1.25
1.25
1.25
1.25
1.25
1.25
1.25
1.25
1.25
1.25
1.25
1.25
1.25
1.25
1.25
1.25
1.25
1.25
1.25
1.25
1.25
1.25
1.25
1.25
1.25
1.25
1.25
1.25
1.25
1.25
1.25
1.25
1.25
1.25
1.25
1.25
1.25
1.25
1.25
1.25
1.25
1.25
1.01958
0.970118
0.922867
0.743407
0.224638
0.0223676
1.25
1.25
1.25
1.25
1.25
1.25
1.25
1.25
1.25
1.25
1.25
1.25
1.25
1.25
1.25
1.25
1.25
1.25
1.25
1.25
1.25
1.25
1.25
1.25
1.25
1.25
1.25
1.25
1.25
1.25
1.25
1.25
1.25
1.25
1.25
1.25
1.25
1.25
1.25
1.25
1.25
1.25
1.25
1.25
1.01993
0.904849
0.92642
0.790441
0.394021
0
0.946527
1.25
1.25
1.25
1.25
1.25
1.25
1.25
1.25
1.25
1.25
1.25
1.25
1.25
1.25
1.25
1.25
1.25
1.25
1.25
1.25
1.25
1.25
1.25
1.25
1.25
1.25
1.25
1.25
1.25
1.25
1.25
1.25
1.25
1.25
1.25
1.25
1.25
1.25
1.25
1.25
1.25
1.25
1.25
1.02025
0.94933
0.94588
0.832453
0.580321
0
0.413647
1.20434
1.25
1.25
1.25
1.25
1.25
1.25
1.25
1.25
1.25
1.25
1.25
1.25
1.25
1.25
1.25
1.25
1.25
1.25
1.25
1.25
1.25
1.25
1.25
1.25
1.25
1.25
1.25
1.25
1.25
1.25
1.25
1.25
1.25
1.25
1.25
1.25
1.25
1.25
1.25
1.25
1.25
1.25
1.02068
1.25
1.01848
0.828006
0.749007
0
0
0.617005
1.25
1.25
1.25
1.25
1.25
1.25
1.25
1.25
1.25
1.25
1.25
1.25
1.25
1.25
1.25
1.25
1.25
1.25
1.25
1.25
1.25
1.25
1.25
1.25
1.25
1.25
1.25
1.25
1.25
1.25
1.25
1.25
1.25
1.25
1.25
1.25
1.25
1.25
1.25
1.25
1.25
1.25
1.02095
0
0.947674
0.862588
0.792419
0.234662
0
0.681551
1.25
1.25
1.25
1.25
1.25
1.25
1.25
1.25
1.25
1.25
1.25
1.25
1.25
1.25
1.25
1.25
1.25
1.25
1.25
1.25
1.25
1.25
1.25
1.25
1.25
1.25
1.25
1.25
1.25
1.25
1.25
1.25
1.25
1.25
1.25
1.25
1.25
1.25
1.25
1.25
1.25
1.25
1.02098
0.581627
0.872689
0.960287
0.823739
0.45958
0
0.259791
1.16954
1.25
1.25
1.25
1.25
1.25
1.25
1.25
1.25
1.25
1.25
1.25
1.25
1.25
1.25
1.25
1.25
1.25
1.25
1.25
1.25
1.25
1.25
1.25
1.25
1.25
1.25
1.25
1.25
1.25
1.25
1.25
1.25
1.25
1.25
1.25
1.25
1.25
1.25
1.25
1.25
1.25
1.02099
0.881847
0.940634
0.977467
0.828585
0.660986
0.0242234
0
0.757011
1.25
1.25
1.25
1.25
1.25
1.25
1.25
1.25
1.25
1.25
1.25
1.25
1.25
1.25
1.25
1.25
1.25
1.25
1.25
1.25
1.25
1.25
1.25
1.25
1.25
1.25
1.25
1.25
1.25
1.25
1.25
1.25
1.25
1.25
1.25
1.25
1.25
1.25
1.25
1.25
1.25
1.02099
0.991052
1.06186
1.00276
0.85473
0.767184
0.299315
0
0.481388
1.10358
1.25
1.25
1.25
1.17128
1.25
1.25
1.25
1.25
1.25
1.25
1.25
1.25
1.25
1.25
1.25
1.25
1.25
1.25
1.25
1.25
1.25
1.25
1.25
1.25
1.25
1.25
1.25
1.25
1.25
1.25
1.25
1.25
1.25
1.25
1.25
1.25
1.25
1.25
1.25
1.25
1.02097
0.97167
1.19184
0.935157
0.926788
0.806609
0.493348
0
0
0.761314
1.25
1.25
1.25
1.25
1.25
1.25
1.25
1.25
1.25
1.25
1.25
1.25
1.25
1.25
1.25
1.25
1.25
1.25
1.25
1.25
1.25
1.25
1.25
1.25
1.25
1.25
1.25
1.25
1.25
1.25
1.25
1.25
1.25
1.25
1.25
1.25
1.25
1.25
1.25
1.25
1.02097
0.947386
1.18592
0.928018
0.957098
0.816564
0.670885
0.144593
0
0.479471
1.25
1.25
1.25
1.25
1.25
1.25
1.25
1.25
1.25
1.25
1.25
1.25
1.25
1.25
1.25
1.25
1.25
1.25
1.25
1.25
1.25
1.25
1.25
1.25
1.25
1.25
1.25
1.25
1.25
1.25
1.25
1.25
1.25
1.25
1.25
1.25
1.25
1.25
1.25
1.25
1.02095
0.94886
1.02509
1.008
0.970726
0.859305
0.766421
0.375003
0
0.119983
1.25
1.25
1.25
1.25
1.25
1.25
1.25
1.25
1.25
1.25
1.25
1.25
1.25
1.25
1.25
1.25
1.25
1.25
1.25
1.25
1.25
1.25
1.25
1.25
1.25
1.25
1.25
1.25
1.25
1.25
1.25
1.25
1.25
1.25
1.25
1.25
1.25
1.25
1.25
1.25
1.02094
0.945259
0.961608
1.09834
0.949754
0.904261
0.813931
0.539293
0
0
0.77665
1.25
1.25
1.25
1.25
1.25
1.25
1.25
1.25
1.25
1.25
1.25
1.25
1.25
1.25
1.25
1.25
1.25
1.25
1.25
1.25
1.25
1.25
1.25
1.25
1.25
1.25
1.25
1.25
1.25
1.25
1.25
1.25
1.25
1.25
1.25
1.25
1.25
1.25
1.25
1.02091
0.945275
1.06029
1.13088
0.929972
0.948723
0.840453
0.689575
0.271873
0
0.346632
1.20111
1.25
1.25
1.25
1.25
1.25
1.25
1.25
1.25
1.25
1.25
1.25
1.25
1.25
1.25
1.25
1.25
1.25
1.25
1.25
1.25
1.25
1.25
1.25
1.25
1.25
1.25
1.25
1.25
1.25
1.25
1.25
1.25
1.25
1.25
1.25
1.25
1.25
1.25
1.02089
0.939226
1.16171
1.08274
0.98447
0.952943
0.864763
0.78481
0.453907
0
0
0.856646
1.25
1.25
1.25
1.25
1.25
1.25
1.25
1.25
1.25
1.25
1.25
1.25
1.25
1.25
1.25
1.25
1.25
1.25
1.25
1.25
1.25
1.25
1.25
1.25
1.25
1.25
1.25
1.25
1.25
1.25
1.25
1.25
1.25
1.25
1.25
1.25
1.25
1.25
1.02087
0.940404
1.182
1.03661
1.04998
0.946798
0.902295
0.827484
0.590673
0.144212
0
0.517774
1.25
1.25
1.25
1.25
1.25
1.25
1.25
1.25
1.25
1.25
1.25
1.25
1.25
1.25
1.25
1.25
1.25
1.25
1.25
1.25
1.25
1.25
1.25
1.25
1.25
1.25
1.25
1.25
1.25
1.25
1.25
1.25
1.25
1.25
1.25
1.25
1.25
1.25
1.02085
0.940066
1.18233
1.04217
1.0727
0.949245
0.917366
0.858182
0.711066
0.368202
0
0.0903241
1.25
1.25
1.25
1.25
1.25
1.25
1.25
1.25
1.25
1.25
1.25
1.25
1.25
1.25
1.25
1.25
1.25
1.25
1.25
1.25
1.25
1.25
1.25
1.25
1.25
1.25
1.25
1.25
1.25
1.25
1.25
1.25
1.25
1.25
1.25
1.25
1.25
1.25
1.02082
0.940678
1.21778
1.09744
1.07427
0.961139
0.939739
0.880435
0.792306
0.520775
0
0
0.844996
1.25
1.25
1.25
1.25
1.25
1.25
1.25
1.25
1.25
1.25
1.25
1.25
1.25
1.25
1.25
1.25
1.25
1.25
1.25
1.25
1.25
1.25
1.25
1.25
1.25
1.25
1.25
1.25
1.25
1.25
1.25
1.25
1.25
1.25
1.25
1.25
1.25
1.02079
0.940683
1.25
1.15249
1.0613
0.993996
0.958749
0.894925
0.836924
0.638437
0.251063
0
0.355189
1.25
1.25
1.25
1.25
1.25
1.25
1.25
1.25
1.25
1.25
1.25
1.25
1.25
1.25
1.25
1.25
1.25
1.25
1.25
1.25
1.25
1.25
1.25
1.25
1.25
1.25
1.25
1.25
1.25
1.25
1.25
1.25
1.25
1.25
1.25
1.25
1.25
1.02075
0.94227
1.25
1.19091
1.05599
1.02275
0.956115
0.907887
0.867846
0.731915
0.435166
0
0
1.24209
1.25
1.25
1.25
1.25
1.25
1.25
1.25
1.25
1.25
1.25
1.25
1.25
1.25
1.25
1.25
1.25
1.25
1.25
1.25
1.25
1.25
1.25
1.25
1.25
1.25
1.25
1.25
1.25
1.25
1.25
1.25
1.25
1.25
1.25
1.25
1.25
1.02072
0.945536
1.25
1.21246
1.06174
1.02802
0.962542
0.923922
0.885053
0.798089
0.565825
0.0785532
0
0.760838
1.25
1.25
1.25
1.25
1.25
1.25
1.25
1.25
1.25
1.25
1.25
1.25
1.25
1.25
1.25
1.25
1.25
1.25
1.25
1.25
1.25
1.25
1.25
1.25
1.25
1.25
1.25
1.25
1.25
1.25
1.25
1.25
1.25
1.25
1.25
1.25
1.02061
0.949709
1.25
1.21592
1.07271
1.02289
0.968348
0.941774
0.895546
0.839077
0.669046
0.307119
0
0.25329
1.25
1.25
1.25
1.25
1.25
1.25
1.25
1.25
1.25
1.25
1.25
1.25
1.25
1.25
1.25
1.25
1.25
1.25
1.25
1.25
1.25
1.25
1.25
1.25
1.25
1.25
1.25
1.25
1.25
1.25
1.25
1.25
1.25
1.25
1.25
1.25
1.02045
0.954161
1.25
1.21572
1.09376
1.02489
0.986487
0.952287
0.906427
0.867143
0.750703
0.469674
0
0
1.25
1.25
1.25
1.25
1.25
1.25
1.25
1.25
1.25
1.25
1.25
1.25
1.25
1.25
1.25
1.25
1.25
1.25
1.25
1.25
1.25
1.25
1.25
1.25
1.25
1.25
1.25
1.25
1.25
1.25
1.25
1.25
1.25
1.25
1.25
1.25
1.02019
0.959104
1.25
1.21799
1.12258
1.0391
1.00523
0.957539
0.922023
0.881321
0.805512
0.584945
0.157291
0
0.77057
1.25
1.25
1.25
1.25
1.25
1.25
1.25
1.25
1.25
1.25
1.25
1.25
1.25
1.25
1.25
1.25
1.25
1.25
1.25
1.25
1.25
1.25
1.25
1.25
1.25
1.25
1.25
1.25
1.25
1.25
1.25
1.25
1.25
1.25
1.25
1.01975
0.964889
1.25
1.22079
1.14192
1.0535
1.01095
0.95993
0.936504
0.886291
0.841982
0.678253
0.351669
0
0.296145
1.25
1.25
1.25
1.25
1.25
1.25
1.25
1.25
1.25
1.25
1.25
1.25
1.25
1.25
1.25
1.25
1.25
1.25
1.25
1.25
1.25
1.25
1.25
1.25
1.25
1.25
1.25
1.25
1.25
1.25
1.25
1.25
1.25
1.25
1.25
1.01902
0.971198
1.25
1.20698
1.15115
1.05856
1.00621
0.964833
0.948126
0.896716
0.872966
0.757965
0.500651
0
0
1.25
1.25
1.25
1.25
1.25
1.25
1.25
1.25
1.25
1.25
1.25
1.25
1.25
1.25
1.25
1.25
1.25
1.25
1.25
1.25
1.25
1.25
1.25
1.25
1.25
1.25
1.25
1.25
1.25
1.25
1.25
1.25
1.25
1.25
1.25
1.01769
0.979392
1.25
1.18542
1.15149
1.06046
1.00811
0.980281
0.956169
0.92515
0.888364
0.812581
0.61052
0.186998
0
0.904792
1.25
1.25
1.25
1.25
1.25
1.25
1.25
1.25
1.25
1.25
1.25
1.25
1.25
1.25
1.25
1.25
1.25
1.25
1.25
1.25
1.25
1.25
1.25
1.25
1.25
1.25
1.25
1.25
1.25
1.25
1.25
1.25
1.25
1.25
1.01555
0.979684
0
1.25
0
1.25
0
1.25
1.25
0
1.25
1.25
0
0
0
1.25
1.25
1.25
1.25
1.25
1.25
0
0
0
1.25
0
0
0
0
0
0
0
0
0
0
1.25
1.25
1.25
1.25
1.25
1.25
1.25
1.25
1.25
1.25
1.25
1.24424
1.18779
1.12881
1.06902
1.02589
0.971889
0
1.25
0
1.25
0
1.25
1.25
0
0
0
0
1.25
0
0
0
1.25
1.25
1.25
0
1.25
1.25
0
0
0
0
0
0
0
0
0
0
0
0
1.25
1.25
1.25
1.25
1.25
1.25
1.25
1.25
1.25
1.25
1.25
1.2466
1.18471
1.12473
1.06537
1.02903
0.96634
0
1.25
0
1.25
0
1.25
1.25
0
0
0
1.25
0
0
1.25
0
0
0
0
0
1.25
1.25
1.25
0
1.25
1.25
1.25
1.25
0
0
0
0
0
0
1.25
1.25
1.25
1.25
1.25
1.25
1.25
1.25
1.25
1.25
1.25
1.22718
1.16884
1.11283
1.05729
1.03077
0.964076
0
1.25
0
1.25
0
1.25
1.25
0
0
0
1.25
1.25
0
0
0
1.25
1.25
0
1.25
0
0
0
1.25
1.25
1.25
0
0
0
0
0
0
0
0
1.25
1.25
1.25
1.25
1.25
1.25
1.25
1.25
1.25
1.25
1.25
1.21559
1.15634
1.10131
1.04786
1.03126
0.962505
0
1.25
0
1.25
0
1.25
1.25
0
0
0
1.25
0
0
1.25
0
0
0
0
0
0
1.25
1.25
0
1.25
1.25
1.25
1.25
0
0
0
0
0
0
1.25
1.25
1.25
1.25
1.25
1.25
1.25
1.25
1.25
1.25
1.25
1.2045
1.14325
1.09086
1.03421
1.02519
0.96086
0
1.25
0
1.25
0
0
1.25
0
0
0
1.25
1.25
0
0
0
1.25
1.25
0
1.25
0
0
0
1.25
1.25
0
1.25
0
0
0
0
0
0
0
1.25
1.25
1.25
1.25
1.25
1.25
1.25
1.25
1.25
1.25
1.24449
1.19243
1.12871
1.08112
1.02231
1.0082
0.960002
0
1.25
0
1.25
0
0
1.25
0
0
0
1.25
0
0
1.25
0
0
0
0
0
0
1.25
1.25
0
1.25
1.25
1.25
1.25
1.25
0
0
0
0
0
1.25
1.25
1.25
1.25
1.25
1.25
1.25
1.25
1.25
1.25
1.23326
1.18008
1.11597
1.07193
1.01181
1.00043
0.958856
0.0614294
1.25
0
1.25
0
0
1.25
0
0
0
1.25
1.25
1.25
0
0
1.25
1.25
0
1.25
1.25
0
0
1.25
1.25
0
1.25
1.25
0
0
0
0
0
0
1.25
1.25
1.25
1.25
1.25
1.25
1.25
1.25
1.25
1.25
1.22365
1.16996
1.10879
1.06475
1.01602
1.01214
0.958564
0
1.25
0
1.25
0
0
1.25
0
0
0
1.25
0
0
1.25
1.25
0
0
0
0
0
1.25
1.25
1.25
1.25
1.25
1.25
1.25
1.25
1.25
0
0
0
0
1.25
1.25
1.25
1.25
1.25
1.25
1.25
1.25
1.25
1.25
1.21585
1.16064
1.10418
1.05791
1.01842
1.03065
0.957873
0.276526
1.25
0
1.25
0
0
1.25
0
0
0
1.25
0
1.25
0
0
1.25
1.25
0
1.25
1.25
0
0
1.25
1.25
1.25
1.25
1.25
0
1.25
0
0
0
0
1.25
1.25
1.25
1.25
1.25
1.25
1.25
1.25
1.25
1.25
1.2083
1.15048
1.09835
1.05153
1.01816
1.04443
0.954771
0
1.25
0
1.25
0
0
1.25
0
0
0
0
0
0
0
1.25
0
0
0
0
0
1.25
1.25
1.25
1.25
1.25
1.25
1.25
1.25
1.25
0
1.25
1.25
1.25
0.960449
1.25
1.25
1.25
1.25
1.25
1.25
1.25
1.25
1.24923
1.19965
1.14018
1.08997
1.04568
1.01695
1.04001
0.954388
0
1.25
0
1.25
0
0
1.25
0
0
0
1.25
0
0
0
0
0
1.25
1.25
1.25
1.25
0
0
1.25
1.25
1.25
1.25
1.25
1.25
1.25
0
0
0
1.25
1.25
1.25
1.25
1.25
1.25
1.25
1.25
1.25
1.25
1.24143
1.1899
1.1301
1.08119
1.04033
1.01596
1.03283
0.953957
0.0691151
1.25
0
1.25
0
0
1.25
0
0
0
0
0
1.25
0
1.25
0
0
0
0
0
1.25
1.25
1.25
1.25
1.25
1.25
1.25
1.25
1.25
1.25
0
0
1.25
1.25
1.25
1.25
1.25
1.25
1.25
1.25
1.25
1.25
1.2334
1.17984
1.12044
1.07281
1.03337
1.01446
1.02036
0.953727
0.0726196
1.25
0
1.25
0
0
1.25
0
0
0
1.25
0
0
0
0
0
1.25
1.25
1.25
1.25
0
0
0
1.25
1.25
0
1.25
1.25
1.25
1.25
0
0
1.25
1.25
1.25
1.25
1.25
1.25
1.25
1.25
1.25
1.25
1.22559
1.16998
1.1116
1.06516
1.02951
1.01181
0.997241
0.95345
0.224712
1.25
0
1.25
0
0
1.25
0
0
0
0
0
1.25
0
1.25
0
0
0
0
0
1.25
1.25
1.25
1.25
1.25
1.25
1.25
1.25
1.25
1.25
1.25
1.25
1.25
1.25
1.25
1.25
1.25
1.25
1.25
1.25
1.25
1.25
1.219
1.16159
1.10414
1.05943
1.02732
1.00833
0.963714
0.953309
0.217857
1.25
0
1.25
0
0
1.25
0
0
0
1.25
0
0
0
1.25
0
1.25
1.25
1.25
1.25
1.25
0
0
1.25
1.25
0
1.25
1.25
1.25
1.25
0
1.25
1.25
1.25
1.25
1.25
1.25
1.25
1.25
1.25
1.25
1.25
1.2137
1.15534
1.09895
1.05555
1.02935
1.00779
0.935847
0.953131
0.354367
1.25
0
1.25
0
0
1.25
0
0
0
0
0
1.25
0
0
0
0
0
0
0
1.25
1.25
1.25
1.25
1.25
1.25
1.25
1.25
1.25
1.25
0
1.25
1.25
1.25
1.25
1.25
1.25
1.25
1.25
1.25
1.25
1.25
1.21027
1.1516
1.09767
1.05604
1.03677
1.01277
0.979095
0.952977
0.32527
1.25
0
1.25
0
0
1.25
0
0
0
0
0
0
0
1.25
0
1.25
1.25
1.25
1.25
1.25
0
0
1.25
1.25
1.25
0
1.25
1.25
1.25
0
1.11242
1.25
1.25
1.25
1.25
1.25
1.25
1.25
1.25
1.25
1.25
1.20869
1.14944
1.09763
1.0598
1.04463
1.02462
1.00383
0.95332
0.431157
1.25
0
1.25
0
0
1.25
0
0
0
0
0
1.25
0
0
0
0
0
0
0
0
1.25
1.25
1.25
1.25
1.25
1.25
1.25
0
0
1.25
1.25
1.25
1.25
1.25
1.25
1.25
1.25
1.25
1.25
1.25
1.25
1.20517
1.14631
1.0967
1.06567
1.04914
1.03443
1.0111
0.952597
0.350888
1.25
1.25
0.249981
0
0
1.25
0
0
0
0
0
0
0
1.25
0
1.25
1.25
1.25
1.25
1.25
0
0
1.25
1.25
1.25
0
1.25
1.25
1.25
1.25
1.25
1.25
1.25
1.25
1.25
1.25
1.25
1.25
1.25
1.25
1.25
1.20095
1.14298
1.09659
1.07196
1.055
1.03943
1.01226
0.953659
0.419347
1.25
0
0
0
0
1.25
0
0
0
0
0
0
0
0
1.25
0
0
1.25
0
0
1.25
1.25
1.25
0
1.25
1.25
1.25
0
1.25
0
1.25
1.25
1.25
1.25
1.25
1.25
1.25
1.25
1.25
1.25
1.25
1.19519
1.13974
1.10013
1.07962
1.06348
1.0465
1.01424
0.953118
0.299265
1.25
0
1.25
0
0
1.25
0
0
0
0
0
0
0
1.25
0
0
1.25
1.25
1.25
1.25
0
0
1.25
1.25
1.25
0
0.943366
1.25
1.25
0.8155
1.25
1.25
1.25
1.25
1.25
1.25
1.25
1.25
1.25
1.25
1.24816
1.19188
1.14112
1.10723
1.08823
1.0733
1.05526
1.01539
0.954148
0.212828
1.25
0
1.25
1.25
0
1.25
0
1.25
0
0
0
0
0
0
1.25
1.25
0
1.25
0
0
1.25
1.25
1.25
1.25
1.25
1.25
1.25
1.25
0.156867
1.25
1.25
1.25
1.25
1.25
1.25
1.25
1.25
1.25
1.25
1.25
1.24428
1.18932
1.14416
1.11713
1.0995
1.08479
1.06463
1.01598
0.953805
0.0520508
1.25
0
1.25
1.25
0
1.25
0
0
0
0
0
0
0
0
0
1.25
1.25
1.25
1.25
1.25
1.25
1.25
1.25
1.25
1.25
1.25
0
1.25
1.25
1.25
1.25
1.25
1.25
1.25
1.25
1.25
1.25
1.25
1.25
1.25
1.2432
1.19306
1.15336
1.13042
1.11447
1.09855
1.07764
1.01621
0.957221
0
0.98931
0
0
1.25
1.25
1.25
1.25
0
1.25
0
0
0
0
0
0
1.25
1.25
0.68547
1.25
1.25
1.25
1.25
0
0
0
0
0
1.25
1.25
1.25
1.25
1.25
1.25
1.25
1.25
1.25
1.25
1.25
1.25
1.25
1.24848
1.20149
1.16867
1.1472
1.132
1.11486
1.09211
1.01642
0.954139
0
0.372443
0.529882
0
1.25
1.25
1.25
1.25
0
1.25
1.25
1.25
1.25
1.25
0
1.25
1.25
0
0
0
0
1.25
1.25
1.25
0
0
1.25
1.25
1.25
1.25
1.25
1.25
1.25
1.25
1.25
1.25
1.25
1.25
1.25
1.25
1.25
1.25
1.21023
1.18408
1.16452
1.14997
1.13155
1.10504
1.01727
0.951878
0
0
1.25
0
1.25
1.25
1.25
1.25
0
1.25
1.25
1.25
1.25
1.25
1.25
0
1.25
1.25
1.25
1.25
0.793228
1.25
1.25
0.943435
1.25
0
1.25
0
1.25
1.25
1.25
1.25
1.25
1.25
1.25
1.25
1.25
1.25
1.25
1.25
1.25
1.25
1.21931
1.1968
1.1796
1.16706
1.14761
1.11719
1.01795
0.950497
0
0
1.25
0
1.25
1.25
1.25
1.25
1.25
1.25
1.25
1.25
1.25
1.25
1.25
1.25
1.25
0.467472
1.25
1.25
1.25
1.25
1.25
1.25
1.25
1.25
1.25
1.25
1.25
1.25
1.25
1.25
1.25
1.25
1.25
1.25
1.25
1.25
1.25
1.25
1.25
1.25
1.23205
1.21122
1.19542
1.18383
1.1627
1.12897
1.01825
0.949549
0
0
1.25
0
1.25
1.25
1.25
1.25
0
1.25
1.25
1.25
1.25
1.25
1.25
1.25
1.25
1.25
1.25
1.25
1.25
1.25
1.25
1.25
1.25
1.25
1.25
1.25
1.25
1.25
1.25
1.25
1.25
1.25
1.25
1.25
1.25
1.25
1.25
1.25
1.25
1.25
1.24535
1.22642
1.21222
1.2007
1.17779
1.14023
1.01856
0.949024
0
0
1.25
0
1.25
1.25
1.25
1.25
0
1.25
1.25
1.25
1.25
1.25
1.25
1.25
1.25
1.25
1.25
0.768641
1.25
1.25
1.25
1.25
1.25
1.25
1.25
1.25
1.25
1.25
1.25
1.25
1.25
1.25
1.25
1.25
1.25
1.25
1.25
1.25
1.25
1.25
1.25
1.24073
1.22804
1.2166
1.19235
1.15059
1.01882
0.948607
0
0
1.25
0
1.25
1.25
1.25
1.25
0
1.25
1.25
1.25
1.25
1.25
1.25
1.25
1.25
1.25
1.25
1.25
1.25
1.25
1.25
1.25
1.25
1.25
1.25
0
1.25
1.25
1.25
1.25
1.25
1.25
1.25
1.25
1.25
1.25
1.25
1.25
1.25
1.25
1.25
1.25
1.24259
1.23146
1.20572
1.15939
1.01901
0.947384
0.0223809
0
1.25
0
1.25
1.25
1.25
1.25
0
1.25
1.25
1.25
1.25
1.25
1.25
1.25
1.25
1.25
1.25
1.21231
1.25
1.25
1.25
1.25
1.25
1.25
1.25
1.25
1.25
1.25
1.25
1.25
1.25
1.25
1.25
1.25
1.25
1.25
1.25
1.25
1.25
1.25
1.25
1.25
1.25
1.24565
1.21816
1.16714
1.01912
0.948938
0.0464155
0
1.25
0
1.25
1.25
1.25
1.25
0
1.25
1.25
1.25
1.25
1.25
1.25
1.25
1.25
1.25
1.25
1.25
1.25
1.25
1.25
1.25
1.25
1.25
1.25
0
1.25
1.25
1.25
1.25
1.25
1.25
1.25
1.25
1.25
1.25
1.25
1.25
1.25
1.25
1.25
1.25
1.25
1.25
1.22976
1.17404
1.0192
0.947967
0.0698833
0
1.25
0
1.25
1.25
1.25
1.25
0
1.25
1.25
1.25
1.25
1.25
1.25
1.25
1.25
1.25
1.25
1.25
1.25
1.25
1.25
1.25
1.25
1.25
1.25
1.25
1.25
1.25
1.25
1.25
1.25
1.25
1.25
1.25
1.25
1.25
1.25
1.25
1.25
1.25
1.25
1.25
1.25
1.25
1.24051
1.18014
1.01927
0.94912
0.0899164
0
1.25
0
1.25
1.25
1.25
1.25
0
1.25
1.25
1.25
1.25
1.25
1.25
1.25
1.25
1.25
1.25
1.25
1.25
1.25
1.25
1.25
1.25
1.25
1.25
0.181725
1.25
1.25
1.25
1.25
1.25
1.25
1.25
1.25
1.25
1.25
1.25
1.25
1.25
1.25
1.25
1.25
1.25
1.25
1.25
1.18549
1.01933
0.948352
0.108296
0
1.25
0
1.25
1.25
1.25
1.25
1.25
1.25
1.25
1.25
1.25
1.25
1.25
1.25
1.25
1.25
1.25
1.25
1.25
1.25
1.25
1.25
1.25
1.25
1.25
1.25
1.25
1.25
1.25
1.25
1.25
1.25
1.25
1.25
1.25
1.25
1.25
1.25
1.25
1.25
1.25
1.25
1.25
1.25
1.25
1.19013
1.01938
0.949479
0.124703
0
1.25
0
1.25
1.25
1.25
1.25
0
1.25
1.25
1.25
1.25
1.25
1.25
1.25
1.25
1.25
1.25
1.25
1.25
1.25
1.25
1.25
1.25
1.25
1.25
0.720859
1.25
1.25
1.25
1.25
1.25
1.25
1.25
1.25
1.25
1.25
1.25
1.25
1.25
1.25
1.25
1.25
1.25
1.25
1.25
1.19415
1.01943
0.948834
0.139783
0
1.25
0
1.25
1.25
1.25
1.25
1.25
1.25
1.25
1.25
1.25
1.25
1.25
1.25
1.25
1.25
1.25
1.25
1.25
1.25
1.25
1.25
1.25
1.25
1.25
1.25
1.25
1.25
1.25
1.25
1.25
1.25
1.25
1.25
1.25
1.25
1.25
1.25
1.25
1.25
1.25
1.25
1.25
1.25
1.25
1.19766
1.01948
0.949831
0.154077
0
1.25
0
1.25
1.25
1.25
1.25
1.25
1.25
1.25
1.25
1.25
1.25
1.25
1.25
1.25
1.25
1.25
1.25
1.25
1.25
1.25
1.25
1.25
1.25
1.25
1.25
1.25
1.25
1.25
1.25
1.25
1.25
1.25
1.25
1.25
1.25
1.25
1.25
1.25
1.25
1.25
1.25
1.25
1.25
1.25
1.20073
1.01953
0.949262
0.167838
0
1.25
0
1.25
1.25
1.25
1.25
1.25
1.25
1.25
1.25
1.25
1.25
1.25
1.25
1.25
1.25
1.25
1.25
1.25
1.25
1.25
1.25
1.25
1.25
1.25
1.25
1.25
1.25
1.25
1.25
1.25
1.25
1.25
1.25
1.25
1.25
1.25
1.25
1.25
1.25
1.25
1.25
1.25
1.25
1.25
1.20342
1.01957
0.95007
0.181422
0
1.25
0
1.25
1.25
1.25
1.25
1.25
1.25
1.25
1.25
1.25
1.25
1.25
1.25
1.25
1.25
1.25
1.25
1.25
1.25
1.25
1.25
1.25
1.25
1.25
1.25
1.25
1.25
1.25
1.25
1.25
1.25
1.25
1.25
1.25
1.25
1.25
1.25
1.25
1.25
1.25
1.25
1.25
1.25
1.25
1.20577
1.01962
0.949561
0.195458
0
1.25
0
1.25
1.25
1.25
1.25
1.25
1.25
1.25
1.25
1.25
1.25
1.25
1.25
1.25
1.25
1.25
1.25
1.25
1.25
1.25
1.25
1.25
1.25
1.25
1.25
1.25
1.25
1.25
1.25
1.25
1.25
1.25
1.25
1.25
1.25
1.25
1.25
1.25
1.25
1.25
1.25
1.25
1.25
1.25
1.20782
1.01967
0.950162
0.209637
0
1.25
0
1.25
1.25
1.25
1.25
1.25
1.25
1.25
1.25
1.25
1.25
1.25
1.25
1.25
1.25
1.25
1.25
1.25
1.25
1.25
1.25
1.25
1.25
1.25
1.25
1.25
1.25
1.25
1.25
1.25
1.25
1.25
1.25
1.25
1.25
1.25
1.25
1.25
1.25
1.25
1.25
1.25
1.25
1.25
1.20962
1.01972
0.949717
0.224978
0.0354178
1.25
0
1.25
1.25
1.25
1.25
1.25
1.25
1.25
1.25
1.25
1.25
1.25
1.25
1.25
1.25
1.25
1.25
1.25
1.25
1.25
1.25
1.25
1.25
1.25
1.25
1.25
1.25
1.25
1.25
1.25
1.25
1.25
1.25
1.25
1.25
1.25
1.25
1.25
1.25
1.25
1.25
1.25
1.25
1.25
1.21116
1.01977
0.950119
0.240324
0
1.25
0
1.25
1.25
1.25
1.25
1.25
1.25
1.25
1.25
1.25
1.25
1.25
1.25
1.25
1.25
1.25
1.25
1.25
1.25
1.25
1.25
1.25
1.25
1.25
1.25
1.25
1.25
1.25
1.25
1.25
1.25
1.25
1.25
1.25
1.25
1.25
1.25
1.25
1.25
1.25
1.25
1.25
1.25
1.25
1.21248
1.01981
0.949762
0.257516
0.222859
1.25
0
1.25
1.25
1.25
1.25
1.25
1.25
1.25
1.25
1.25
1.25
1.25
1.25
1.25
1.25
1.25
1.25
1.25
1.25
1.25
1.25
1.25
1.25
1.25
1.25
1.25
1.25
1.25
1.25
1.25
1.25
1.25
1.25
1.25
1.25
1.25
1.25
1.25
1.25
1.25
1.25
1.25
1.25
1.25
1.21357
1.01986
0.950003
0.274212
0
1.25
0
1.25
1.25
1.25
1.25
1.25
1.25
1.25
1.25
1.25
1.25
1.25
1.25
1.25
1.25
1.25
1.25
1.25
1.25
1.25
1.25
1.25
1.25
1.25
1.25
1.25
1.25
1.25
1.25
1.25
1.25
1.25
1.25
1.25
1.25
1.25
1.25
1.25
1.25
1.25
1.25
1.25
1.25
1.25
1.21443
1.01988
0.949799
0.293025
0.358325
1.25
0
1.25
1.25
1.25
1.25
1.25
1.25
1.25
1.25
1.25
1.25
1.25
1.25
1.25
1.25
1.25
1.25
1.25
1.25
1.25
1.25
1.25
1.25
1.25
1.25
1.25
1.25
1.25
1.25
1.25
1.25
1.25
1.25
1.25
1.25
1.25
1.25
1.25
1.25
1.25
1.25
1.25
1.25
1.25
1.21509
1.01987
0.949988
0.310814
0
1.25
0
1.25
1.25
1.25
1.25
1.25
1.25
1.25
1.25
1.25
1.25
1.25
1.25
1.25
1.25
1.25
1.25
1.25
1.25
1.25
1.25
1.25
1.25
1.25
1.25
1.25
1.25
1.25
1.25
1.25
1.25
1.25
1.25
1.25
1.25
1.25
1.25
1.25
1.25
1.25
1.25
1.25
1.25
1.25
1.21577
1.01979
0.950075
0.332303
0.534722
1.25
0
1.25
1.25
1.25
1.25
1.25
1.25
1.25
1.25
1.25
1.25
1.25
1.25
1.25
1.25
1.25
1.25
1.25
1.25
1.25
1.25
1.25
1.25
1.25
1.25
1.25
1.25
1.25
1.25
1.25
1.25
1.25
1.25
1.25
1.25
1.25
1.25
1.25
1.25
1.25
1.25
1.25
1.25
1.25
1.2171
1.01962
)
;

boundaryField
{
    outlet
    {
        type            calculated;
        value           nonuniform List<scalar> 
50
(
0.99975
1.00129
1.00112
0.999938
0.999452
0.99892
0.997658
0.996826
0.996373
0.996034
0.995862
0.99588
0.996079
0.996436
0.996912
0.997468
0.998065
0.998663
0.999178
0.999569
0.999831
0.999969
0.999988
0.999805
0.99934
0.99857
0.997415
0.995702
0.99329
0.989414
0.988337
1.01056
1.00986
1.00547
1.00471
1.0024
1.00206
1.00162
1.0012
1.00087
1.00062
1.00042
1.00026
1.00015
1.00008
1.00012
1.00009
1.00111
0.999248
1.00037
)
;
    }
    inlet
    {
        type            calculated;
        value           nonuniform List<scalar> 
50
(
1.00035
0.925812
0.972907
1.25
1.25
0.015482
1.25
1.25
0
0
0
0
0
0
0
0
0
0
0
0
0
0
0
0
0
1.25
1.25
1.25
1.25
1.25
1.25
1.25
1.25
1.25
1.25
1.25
1.25
1.25
1.25
1.25
1.25
1.25
1.25
1.25
1.0156
0
0
1.25
1.13178
1.00137
)
;
    }
    upInnerTurnWalls
    {
        type            calculated;
        value           nonuniform List<scalar> 
50
(
0.985271
0.980077
0.976381
0.974954
0.974115
0.973293
0.973019
0.972656
0.972856
0.972954
0.971456
0.971693
0.972053
0.972506
0.973095
0.973726
0.974519
0.975917
0.976425
0.976962
0.978707
0.9794
0.981084
0.981798
0.984311
0.983186
0.982058
0.981115
0.98037
0.979627
0.979031
0.977275
0.978284
0.977221
0.977639
0.976765
0.977253
0.976527
0.977001
0.976378
0.976771
0.976217
0.976488
0.975978
0.976106
0.975636
0.975625
0.975223
0.975139
0.974903
)
;
    }
    downInnerTurnWalls
    {
        type            calculated;
        value           nonuniform List<scalar> 
50
(
0.974804
0.974632
0.974326
0.974053
0.9735
0.973186
0.972659
0.971862
0.972256
0.970433
0.971068
0.969207
0.969571
0.968659
0.968742
0.969539
0.970933
0.974638
0.980648
0.992719
0.99742
0.946806
0.891087
1.06341
1.08773
1.25
1.25
1.12448
0.709151
0.860638
0.943586
1.00829
0.994248
0.973655
0.97298
0.972224
0.971154
0.96728
0.967049
0.966418
0.966359
0.966152
0.96681
0.9686
0.970775
0.973085
0.975615
0.978627
0.982008
0.986822
)
;
    }
    downOuterTurnWalls
    {
        type            calculated;
        value           nonuniform List<scalar> 
50
(
1.01362
1.01335
1.01314
1.01298
1.01288
1.01283
1.01282
1.01283
1.01285
1.0129
1.01295
1.013
1.01307
1.01313
1.0132
1.01327
1.01334
1.01342
1.01351
1.01361
1.01374
1.01391
1.01413
1.01445
1.01481
1.01514
1.01545
1.01562
1.01564
1.01562
1.01559
1.01554
1.0155
1.01544
1.01539
1.01532
1.01526
1.01519
1.01513
1.01506
1.015
1.01493
1.01486
1.01474
1.01457
1.01435
1.014
1.01345
1.01252
1.01104
)
;
    }
    upOuterTurnWalls
    {
        type            calculated;
        value           nonuniform List<scalar> 
50
(
1.0213
1.02534
1.02907
1.03298
1.03292
1.01894
1.00761
1.0335
1.09275
1.25
1.25
1.25
1.25
1.18299
1.10034
1.08007
1.12788
1.10478
1.02135
1.01433
1.01395
1.01374
1.01351
1.01344
1.0136
1.01403
1.0143
1.01433
1.01438
1.01441
1.01441
1.01438
1.01434
1.01431
1.01427
1.01424
1.01421
1.01419
1.01417
1.01415
1.01414
1.01413
1.01412
1.01412
1.01412
1.01412
1.01411
1.01407
1.01399
1.01386
)
;
    }
    downInnerWalls
    {
        type            calculated;
        value           nonuniform List<scalar> 
100
(
1.11321
1.18636
1.14671
1.11556
1.09027
1.07047
1.05475
1.04255
1.033
1.02562
1.01988
1.01545
1.01201
1.00935
1.00729
1.0057
1.00446
1.0035
1.00276
1.00218
1.00174
1.00139
1.00113
1.00093
1.00079
1.00069
1.00062
1.0006
1.00061
1.00065
1.00068
1.00071
1.00109
1.00184
1.0027
1.00451
1.0108
1.04358
1.25
1.05029
1.01298
1.00587
1.00339
1.00223
1.00162
1.00126
1.00106
1.00077
1.00049
1.00051
1.00057
1.00054
1.0005
1.00046
1.00043
1.00041
1.00039
1.00037
1.00036
1.00035
1.00034
1.00035
1.00031
1.00038
1.00038
1.00027
1.00024
1.00024
1.00032
1.00038
1.00037
1.00034
1.00034
1.00034
1.00035
1.00036
1.00037
1.00039
1.0004
1.00042
1.00045
1.00048
1.00051
1.00054
1.00057
1.0006
1.00064
1.00067
1.0007
1.00073
1.00074
1.00071
1.00066
1.00051
1.00026
0.999752
0.998949
0.997549
0.995338
0.992006
)
;
    }
    upInnerWalls
    {
        type            calculated;
        value           nonuniform List<scalar> 
100
(
1.13597
1.1889
1.13317
1.09447
1.06906
1.05199
1.04013
1.03142
1.02476
1.01953
1.01539
1.01211
1.00953
1.00749
1.00588
1.00462
1.00363
1.00286
1.00225
1.00177
1.0014
1.00111
1.00087
1.00069
1.00055
1.00043
1.00034
1.00027
1.00022
1.00017
1.00014
1.00011
1.00009
1.00007
1.00006
1.00004
1.00003
1.00003
1.00002
1.00002
1.00001
1.00001
1.00001
1
1
1
0.999999
0.999997
0.999995
0.999992
0.99999
0.999988
0.999986
0.999981
0.999979
0.999975
0.999971
0.999966
0.999962
0.999955
0.99995
0.999943
0.999936
0.999928
0.999921
0.999911
0.999902
0.999891
0.999882
0.999869
0.999858
0.999844
0.999832
0.999815
0.999802
0.999782
0.999768
0.999744
0.999728
0.999698
0.99968
0.999642
0.999622
0.999574
0.999548
0.999485
0.999447
0.999358
0.999302
0.999178
0.999087
0.998897
0.998727
0.998404
0.998048
0.997412
0.996577
0.995154
0.993172
0.989943
)
;
    }
    downOuterWalls
    {
        type            calculated;
        value           nonuniform List<scalar> 
100
(
1.10732
1.18167
1.13985
1.10879
1.08476
1.06557
1.05079
1.03923
1.03034
1.02345
1.01815
1.01407
1.01091
1.00848
1.00659
1.00514
1.00401
1.00313
1.00245
1.00192
1.00151
1.00119
1.00094
1.00074
1.00058
1.00046
1.00036
1.00029
1.00022
1.00018
1.00014
1.00011
1.00008
1.00006
1.00005
1.00004
1.00003
1.00002
1.00002
1.00002
1.00001
1.00001
1.00001
1.00001
1.00001
1.00001
1.00001
1.00001
1.00002
1.00002
1.00002
1.00003
1.00003
1.00004
1.00004
1.00005
1.00005
1.00006
1.00006
1.00007
1.00007
1.00008
1.00009
1.0001
1.00008
1.00009
1.00015
1.00014
1.00013
1.00015
1.00016
1.00017
1.00018
1.00019
1.0002
1.00022
1.00024
1.00025
1.00027
1.0003
1.00032
1.00036
1.0004
1.00044
1.0005
1.00057
1.00065
1.00075
1.00088
1.00104
1.00124
1.00148
1.00179
1.00217
1.00267
1.00331
1.00414
1.00524
1.00669
1.00881
)
;
    }
    upOuterWalls
    {
        type            calculated;
        value           nonuniform List<scalar> 
100
(
1.13645
1.1892
1.13336
1.09464
1.06917
1.05206
1.04017
1.03145
1.02477
1.01954
1.0154
1.01212
1.00953
1.00749
1.00588
1.00462
1.00364
1.00286
1.00225
1.00178
1.0014
1.00111
1.00087
1.00069
1.00055
1.00043
1.00034
1.00027
1.00022
1.00017
1.00014
1.00011
1.00009
1.00007
1.00006
1.00004
1.00004
1.00003
1.00002
1.00002
1.00002
1.00001
1.00001
1.00001
1.00001
1.00001
1.00001
1.00001
1.00001
1.00001
1.00001
1.00002
1.00002
1.00002
1.00003
1.00003
1.00003
1.00004
1.00004
1.00004
1.00003
1.00004
1.00006
1.00009
1.00013
1.00016
1.00016
1.00017
1.00019
1.00021
1.00024
1.00027
1.0003
1.00034
1.00038
1.00043
1.00049
1.00055
1.00062
1.0007
1.0008
1.0009
1.00102
1.00117
1.00133
1.00153
1.00176
1.00203
1.00234
1.00272
1.00318
1.00375
1.00445
1.00531
1.00637
1.0077
1.00936
1.01146
1.01398
1.01718
)
;
    }
    frontAndBackPlanes
    {
        type            empty;
    }
}


// ************************************************************************* //
