/*--------------------------------*- C++ -*----------------------------------*\
| =========                 |                                                 |
| \\      /  F ield         | OpenFOAM: The Open Source CFD Toolbox           |
|  \\    /   O peration     | Version:  1.7.x                                 |
|   \\  /    A nd           | Web:      www.OpenFOAM.com                      |
|    \\/     M anipulation  |                                                 |
\*---------------------------------------------------------------------------*/
FoamFile
{
    version     2.0;
    format      ascii;
    class       labelList;
    note        "nPoints:10080  nCells:7308  nFaces:24612  nInternalFaces:19236";
    location    "constant/polyMesh";
    object      neighbour;
}
// * * * * * * * * * * * * * * * * * * * * * * * * * * * * * * * * * * * * * //


19236
(
1
3
36
4785
2
4
37
4786
5
38
4787
4
6
39
5
7
40
8
41
7
9
42
8
10
43
11
44
10
12
45
11
13
46
14
47
13
15
48
14
16
49
17
50
16
18
51
17
19
52
20
53
19
21
54
20
22
55
23
56
22
24
57
23
25
58
26
59
25
27
60
26
28
61
29
62
28
30
63
29
31
64
32
65
31
33
66
32
34
67
35
68
34
69
3567
35
70
3568
71
3569
37
39
72
4875
38
40
73
4876
41
74
4877
40
42
75
41
43
76
44
77
43
45
78
44
46
79
47
80
46
48
81
47
49
82
50
83
49
51
84
50
52
85
53
86
52
54
87
53
55
88
56
89
55
57
90
56
58
91
59
92
58
60
93
59
61
94
62
95
61
63
96
62
64
97
65
98
64
66
99
65
67
100
68
101
67
69
102
68
70
103
71
104
70
105
3570
71
106
3571
107
3572
73
75
108
4965
74
76
109
4966
77
110
4967
76
78
111
77
79
112
80
113
79
81
114
80
82
115
83
116
82
84
117
83
85
118
86
119
85
87
120
86
88
121
89
122
88
90
123
89
91
124
92
125
91
93
126
92
94
127
95
128
94
96
129
95
97
130
98
131
97
99
132
98
100
133
101
134
100
102
135
101
103
136
104
137
103
105
138
104
106
139
107
140
106
141
3573
107
142
3574
143
3575
109
111
144
5055
110
112
145
5056
113
146
5057
112
114
147
113
115
148
116
149
115
117
150
116
118
151
119
152
118
120
153
119
121
154
122
155
121
123
156
122
124
157
125
158
124
126
159
125
127
160
128
161
127
129
162
128
130
163
131
164
130
132
165
131
133
166
134
167
133
135
168
134
136
169
137
170
136
138
171
137
139
172
140
173
139
141
174
140
142
175
143
176
142
177
3576
143
178
3577
179
3578
145
147
180
5145
146
148
181
5146
149
182
5147
148
150
183
149
151
184
152
185
151
153
186
152
154
187
155
188
154
156
189
155
157
190
158
191
157
159
192
158
160
193
161
194
160
162
195
161
163
196
164
197
163
165
198
164
166
199
167
200
166
168
201
167
169
202
170
203
169
171
204
170
172
205
173
206
172
174
207
173
175
208
176
209
175
177
210
176
178
211
179
212
178
213
3579
179
214
3580
215
3581
181
183
216
5235
182
184
217
5236
185
218
5237
184
186
219
185
187
220
188
221
187
189
222
188
190
223
191
224
190
192
225
191
193
226
194
227
193
195
228
194
196
229
197
230
196
198
231
197
199
232
200
233
199
201
234
200
202
235
203
236
202
204
237
203
205
238
206
239
205
207
240
206
208
241
209
242
208
210
243
209
211
244
212
245
211
213
246
212
214
247
215
248
214
249
3582
215
250
3583
251
3584
217
219
252
5325
218
220
253
5326
221
254
5327
220
222
255
221
223
256
224
257
223
225
258
224
226
259
227
260
226
228
261
227
229
262
230
263
229
231
264
230
232
265
233
266
232
234
267
233
235
268
236
269
235
237
270
236
238
271
239
272
238
240
273
239
241
274
242
275
241
243
276
242
244
277
245
278
244
246
279
245
247
280
248
281
247
249
282
248
250
283
251
284
250
285
3585
251
286
3586
287
3587
253
255
288
5415
254
256
289
5416
257
290
5417
256
258
291
257
259
292
260
293
259
261
294
260
262
295
263
296
262
264
297
263
265
298
266
299
265
267
300
266
268
301
269
302
268
270
303
269
271
304
272
305
271
273
306
272
274
307
275
308
274
276
309
275
277
310
278
311
277
279
312
278
280
313
281
314
280
282
315
281
283
316
284
317
283
285
318
284
286
319
287
320
286
321
3588
287
322
3589
323
3590
289
291
324
5505
290
292
325
5506
293
326
5507
292
294
327
293
295
328
296
329
295
297
330
296
298
331
299
332
298
300
333
299
301
334
302
335
301
303
336
302
304
337
305
338
304
306
339
305
307
340
308
341
307
309
342
308
310
343
311
344
310
312
345
311
313
346
314
347
313
315
348
314
316
349
317
350
316
318
351
317
319
352
320
353
319
321
354
320
322
355
323
356
322
357
3591
323
358
3592
359
3593
325
327
360
5595
326
328
361
5596
329
362
5597
328
330
363
329
331
364
332
365
331
333
366
332
334
367
335
368
334
336
369
335
337
370
338
371
337
339
372
338
340
373
341
374
340
342
375
341
343
376
344
377
343
345
378
344
346
379
347
380
346
348
381
347
349
382
350
383
349
351
384
350
352
385
353
386
352
354
387
353
355
388
356
389
355
357
390
356
358
391
359
392
358
393
3594
359
394
3595
395
3596
361
363
396
5685
362
364
397
5686
365
398
5687
364
366
399
365
367
400
368
401
367
369
402
368
370
403
371
404
370
372
405
371
373
406
374
407
373
375
408
374
376
409
377
410
376
378
411
377
379
412
380
413
379
381
414
380
382
415
383
416
382
384
417
383
385
418
386
419
385
387
420
386
388
421
389
422
388
390
423
389
391
424
392
425
391
393
426
392
394
427
395
428
394
429
3597
395
430
3598
431
3599
397
399
432
5775
398
400
433
5776
401
434
5777
400
402
435
401
403
436
404
437
403
405
438
404
406
439
407
440
406
408
441
407
409
442
410
443
409
411
444
410
412
445
413
446
412
414
447
413
415
448
416
449
415
417
450
416
418
451
419
452
418
420
453
419
421
454
422
455
421
423
456
422
424
457
425
458
424
426
459
425
427
460
428
461
427
429
462
428
430
463
431
464
430
465
3600
431
466
3601
467
3602
433
435
468
5865
434
436
469
5866
437
470
5867
436
438
471
437
439
472
440
473
439
441
474
440
442
475
443
476
442
444
477
443
445
478
446
479
445
447
480
446
448
481
449
482
448
450
483
449
451
484
452
485
451
453
486
452
454
487
455
488
454
456
489
455
457
490
458
491
457
459
492
458
460
493
461
494
460
462
495
461
463
496
464
497
463
465
498
464
466
499
467
500
466
501
3603
467
502
3604
503
3605
469
471
504
5955
470
472
505
5956
473
506
5957
472
474
507
473
475
508
476
509
475
477
510
476
478
511
479
512
478
480
513
479
481
514
482
515
481
483
516
482
484
517
485
518
484
486
519
485
487
520
488
521
487
489
522
488
490
523
491
524
490
492
525
491
493
526
494
527
493
495
528
494
496
529
497
530
496
498
531
497
499
532
500
533
499
501
534
500
502
535
503
536
502
537
3606
503
538
3607
539
3608
505
507
540
6045
506
508
541
6046
509
542
6047
508
510
543
509
511
544
512
545
511
513
546
512
514
547
515
548
514
516
549
515
517
550
518
551
517
519
552
518
520
553
521
554
520
522
555
521
523
556
524
557
523
525
558
524
526
559
527
560
526
528
561
527
529
562
530
563
529
531
564
530
532
565
533
566
532
534
567
533
535
568
536
569
535
537
570
536
538
571
539
572
538
573
3609
539
574
3610
575
3611
541
543
576
6135
542
544
577
6136
545
578
6137
544
546
579
545
547
580
548
581
547
549
582
548
550
583
551
584
550
552
585
551
553
586
554
587
553
555
588
554
556
589
557
590
556
558
591
557
559
592
560
593
559
561
594
560
562
595
563
596
562
564
597
563
565
598
566
599
565
567
600
566
568
601
569
602
568
570
603
569
571
604
572
605
571
573
606
572
574
607
575
608
574
609
3612
575
610
3613
611
3614
577
579
612
6225
578
580
613
6226
581
614
6227
580
582
615
581
583
616
584
617
583
585
618
584
586
619
587
620
586
588
621
587
589
622
590
623
589
591
624
590
592
625
593
626
592
594
627
593
595
628
596
629
595
597
630
596
598
631
599
632
598
600
633
599
601
634
602
635
601
603
636
602
604
637
605
638
604
606
639
605
607
640
608
641
607
609
642
608
610
643
611
644
610
645
3615
611
646
3616
647
3617
613
615
648
6315
614
616
649
6316
617
650
6317
616
618
651
617
619
652
620
653
619
621
654
620
622
655
623
656
622
624
657
623
625
658
626
659
625
627
660
626
628
661
629
662
628
630
663
629
631
664
632
665
631
633
666
632
634
667
635
668
634
636
669
635
637
670
638
671
637
639
672
638
640
673
641
674
640
642
675
641
643
676
644
677
643
645
678
644
646
679
647
680
646
681
3618
647
682
3619
683
3620
649
651
684
6405
650
652
685
6406
653
686
6407
652
654
687
653
655
688
656
689
655
657
690
656
658
691
659
692
658
660
693
659
661
694
662
695
661
663
696
662
664
697
665
698
664
666
699
665
667
700
668
701
667
669
702
668
670
703
671
704
670
672
705
671
673
706
674
707
673
675
708
674
676
709
677
710
676
678
711
677
679
712
680
713
679
681
714
680
682
715
683
716
682
717
3621
683
718
3622
719
3623
685
687
720
6495
686
688
721
6496
689
722
6497
688
690
723
689
691
724
692
725
691
693
726
692
694
727
695
728
694
696
729
695
697
730
698
731
697
699
732
698
700
733
701
734
700
702
735
701
703
736
704
737
703
705
738
704
706
739
707
740
706
708
741
707
709
742
710
743
709
711
744
710
712
745
713
746
712
714
747
713
715
748
716
749
715
717
750
716
718
751
719
752
718
753
3624
719
754
3625
755
3626
721
723
756
6585
722
724
757
6586
725
758
6587
724
726
759
725
727
760
728
761
727
729
762
728
730
763
731
764
730
732
765
731
733
766
734
767
733
735
768
734
736
769
737
770
736
738
771
737
739
772
740
773
739
741
774
740
742
775
743
776
742
744
777
743
745
778
746
779
745
747
780
746
748
781
749
782
748
750
783
749
751
784
752
785
751
753
786
752
754
787
755
788
754
789
3627
755
790
3628
791
3629
757
759
792
6675
758
760
793
6676
761
794
6677
760
762
795
761
763
796
764
797
763
765
798
764
766
799
767
800
766
768
801
767
769
802
770
803
769
771
804
770
772
805
773
806
772
774
807
773
775
808
776
809
775
777
810
776
778
811
779
812
778
780
813
779
781
814
782
815
781
783
816
782
784
817
785
818
784
786
819
785
787
820
788
821
787
789
822
788
790
823
791
824
790
825
3630
791
826
3631
827
3632
793
795
828
6765
794
796
829
6766
797
830
6767
796
798
831
797
799
832
800
833
799
801
834
800
802
835
803
836
802
804
837
803
805
838
806
839
805
807
840
806
808
841
809
842
808
810
843
809
811
844
812
845
811
813
846
812
814
847
815
848
814
816
849
815
817
850
818
851
817
819
852
818
820
853
821
854
820
822
855
821
823
856
824
857
823
825
858
824
826
859
827
860
826
861
3633
827
862
3634
863
3635
829
831
864
6855
830
832
865
6856
833
866
6857
832
834
867
833
835
868
836
869
835
837
870
836
838
871
839
872
838
840
873
839
841
874
842
875
841
843
876
842
844
877
845
878
844
846
879
845
847
880
848
881
847
849
882
848
850
883
851
884
850
852
885
851
853
886
854
887
853
855
888
854
856
889
857
890
856
858
891
857
859
892
860
893
859
861
894
860
862
895
863
896
862
897
3636
863
898
3637
899
3638
865
867
900
6945
866
868
901
6946
869
902
6947
868
870
903
869
871
904
872
905
871
873
906
872
874
907
875
908
874
876
909
875
877
910
878
911
877
879
912
878
880
913
881
914
880
882
915
881
883
916
884
917
883
885
918
884
886
919
887
920
886
888
921
887
889
922
890
923
889
891
924
890
892
925
893
926
892
894
927
893
895
928
896
929
895
897
930
896
898
931
899
932
898
933
3639
899
934
3640
935
3641
901
903
936
7035
902
904
937
7036
905
938
7037
904
906
939
905
907
940
908
941
907
909
942
908
910
943
911
944
910
912
945
911
913
946
914
947
913
915
948
914
916
949
917
950
916
918
951
917
919
952
920
953
919
921
954
920
922
955
923
956
922
924
957
923
925
958
926
959
925
927
960
926
928
961
929
962
928
930
963
929
931
964
932
965
931
933
966
932
934
967
935
968
934
969
3642
935
970
3643
971
3644
937
939
972
7125
938
940
973
7126
941
974
7127
940
942
975
941
943
976
944
977
943
945
978
944
946
979
947
980
946
948
981
947
949
982
950
983
949
951
984
950
952
985
953
986
952
954
987
953
955
988
956
989
955
957
990
956
958
991
959
992
958
960
993
959
961
994
962
995
961
963
996
962
964
997
965
998
964
966
999
965
967
1000
968
1001
967
969
1002
968
970
1003
971
1004
970
1005
3645
971
1006
3646
1007
3647
973
975
1008
7215
974
976
1009
7216
977
1010
7217
976
978
1011
977
979
1012
980
1013
979
981
1014
980
982
1015
983
1016
982
984
1017
983
985
1018
986
1019
985
987
1020
986
988
1021
989
1022
988
990
1023
989
991
1024
992
1025
991
993
1026
992
994
1027
995
1028
994
996
1029
995
997
1030
998
1031
997
999
1032
998
1000
1033
1001
1034
1000
1002
1035
1001
1003
1036
1004
1037
1003
1005
1038
1004
1006
1039
1007
1040
1006
1041
3648
1007
1042
3649
1043
3650
1009
1011
7305
1010
1012
7306
1013
7307
1012
1014
1013
1015
1016
1015
1017
1016
1018
1019
1018
1020
1019
1021
1022
1021
1023
1022
1024
1025
1024
1026
1025
1027
1028
1027
1029
1028
1030
1031
1030
1032
1031
1033
1034
1033
1035
1034
1036
1037
1036
1038
1037
1039
1040
1039
1041
1040
1042
1043
1042
3651
1043
3652
3653
1045
1047
1131
3738
1046
1048
1132
3739
1049
1133
3740
1048
1050
1134
3735
1049
1051
1135
3736
1052
1136
3737
1051
1053
1137
3732
1052
1054
1138
3733
1055
1139
3734
1054
1056
1140
3729
1055
1057
1141
3730
1058
1142
3731
1057
1059
1143
3726
1058
1060
1144
3727
1061
1145
3728
1060
1062
1146
3723
1061
1063
1147
3724
1064
1148
3725
1063
1065
1149
3720
1064
1066
1150
3721
1067
1151
3722
1066
1068
1152
3717
1067
1069
1153
3718
1070
1154
3719
1069
1071
1155
3714
1070
1072
1156
3715
1073
1157
3716
1072
1074
1158
3711
1073
1075
1159
3712
1076
1160
3713
1075
1077
1161
3708
1076
1078
1162
3709
1079
1163
3710
1078
1080
1164
3705
1079
1081
1165
3706
1082
1166
3707
1081
1083
1167
3702
1082
1084
1168
3703
1085
1169
3704
1084
1086
1170
3699
1085
1087
1171
3700
1088
1172
3701
1087
1089
1173
3696
1088
1090
1174
3697
1091
1175
3698
1090
1092
1176
3693
1091
1093
1177
3694
1094
1178
3695
1093
1095
1179
3690
1094
1096
1180
3691
1097
1181
3692
1096
1098
1182
3687
1097
1099
1183
3688
1100
1184
3689
1099
1101
1185
3684
1100
1102
1186
3685
1103
1187
3686
1102
1104
1188
3681
1103
1105
1189
3682
1106
1190
3683
1105
1107
1191
3678
1106
1108
1192
3679
1109
1193
3680
1108
1110
1194
3675
1109
1111
1195
3676
1112
1196
3677
1111
1113
1197
3672
1112
1114
1198
3673
1115
1199
3674
1114
1116
1200
3669
1115
1117
1201
3670
1118
1202
3671
1117
1119
1203
3666
1118
1120
1204
3667
1121
1205
3668
1120
1122
1206
3663
1121
1123
1207
3664
1124
1208
3665
1123
1125
1209
3660
1124
1126
1210
3661
1127
1211
3662
1126
1128
1212
3657
1127
1129
1213
3658
1130
1214
3659
1129
1215
3654
1130
1216
3655
1217
3656
1132
1134
1218
1133
1135
1219
1136
1220
1135
1137
1221
1136
1138
1222
1139
1223
1138
1140
1224
1139
1141
1225
1142
1226
1141
1143
1227
1142
1144
1228
1145
1229
1144
1146
1230
1145
1147
1231
1148
1232
1147
1149
1233
1148
1150
1234
1151
1235
1150
1152
1236
1151
1153
1237
1154
1238
1153
1155
1239
1154
1156
1240
1157
1241
1156
1158
1242
1157
1159
1243
1160
1244
1159
1161
1245
1160
1162
1246
1163
1247
1162
1164
1248
1163
1165
1249
1166
1250
1165
1167
1251
1166
1168
1252
1169
1253
1168
1170
1254
1169
1171
1255
1172
1256
1171
1173
1257
1172
1174
1258
1175
1259
1174
1176
1260
1175
1177
1261
1178
1262
1177
1179
1263
1178
1180
1264
1181
1265
1180
1182
1266
1181
1183
1267
1184
1268
1183
1185
1269
1184
1186
1270
1187
1271
1186
1188
1272
1187
1189
1273
1190
1274
1189
1191
1275
1190
1192
1276
1193
1277
1192
1194
1278
1193
1195
1279
1196
1280
1195
1197
1281
1196
1198
1282
1199
1283
1198
1200
1284
1199
1201
1285
1202
1286
1201
1203
1287
1202
1204
1288
1205
1289
1204
1206
1290
1205
1207
1291
1208
1292
1207
1209
1293
1208
1210
1294
1211
1295
1210
1212
1296
1211
1213
1297
1214
1298
1213
1215
1299
1214
1216
1300
1217
1301
1216
1302
1217
1303
1304
1219
1221
1305
1220
1222
1306
1223
1307
1222
1224
1308
1223
1225
1309
1226
1310
1225
1227
1311
1226
1228
1312
1229
1313
1228
1230
1314
1229
1231
1315
1232
1316
1231
1233
1317
1232
1234
1318
1235
1319
1234
1236
1320
1235
1237
1321
1238
1322
1237
1239
1323
1238
1240
1324
1241
1325
1240
1242
1326
1241
1243
1327
1244
1328
1243
1245
1329
1244
1246
1330
1247
1331
1246
1248
1332
1247
1249
1333
1250
1334
1249
1251
1335
1250
1252
1336
1253
1337
1252
1254
1338
1253
1255
1339
1256
1340
1255
1257
1341
1256
1258
1342
1259
1343
1258
1260
1344
1259
1261
1345
1262
1346
1261
1263
1347
1262
1264
1348
1265
1349
1264
1266
1350
1265
1267
1351
1268
1352
1267
1269
1353
1268
1270
1354
1271
1355
1270
1272
1356
1271
1273
1357
1274
1358
1273
1275
1359
1274
1276
1360
1277
1361
1276
1278
1362
1277
1279
1363
1280
1364
1279
1281
1365
1280
1282
1366
1283
1367
1282
1284
1368
1283
1285
1369
1286
1370
1285
1287
1371
1286
1288
1372
1289
1373
1288
1290
1374
1289
1291
1375
1292
1376
1291
1293
1377
1292
1294
1378
1295
1379
1294
1296
1380
1295
1297
1381
1298
1382
1297
1299
1383
1298
1300
1384
1301
1385
1300
1302
1386
1301
1303
1387
1304
1388
1303
1389
1304
1390
1391
1306
1308
1392
1307
1309
1393
1310
1394
1309
1311
1395
1310
1312
1396
1313
1397
1312
1314
1398
1313
1315
1399
1316
1400
1315
1317
1401
1316
1318
1402
1319
1403
1318
1320
1404
1319
1321
1405
1322
1406
1321
1323
1407
1322
1324
1408
1325
1409
1324
1326
1410
1325
1327
1411
1328
1412
1327
1329
1413
1328
1330
1414
1331
1415
1330
1332
1416
1331
1333
1417
1334
1418
1333
1335
1419
1334
1336
1420
1337
1421
1336
1338
1422
1337
1339
1423
1340
1424
1339
1341
1425
1340
1342
1426
1343
1427
1342
1344
1428
1343
1345
1429
1346
1430
1345
1347
1431
1346
1348
1432
1349
1433
1348
1350
1434
1349
1351
1435
1352
1436
1351
1353
1437
1352
1354
1438
1355
1439
1354
1356
1440
1355
1357
1441
1358
1442
1357
1359
1443
1358
1360
1444
1361
1445
1360
1362
1446
1361
1363
1447
1364
1448
1363
1365
1449
1364
1366
1450
1367
1451
1366
1368
1452
1367
1369
1453
1370
1454
1369
1371
1455
1370
1372
1456
1373
1457
1372
1374
1458
1373
1375
1459
1376
1460
1375
1377
1461
1376
1378
1462
1379
1463
1378
1380
1464
1379
1381
1465
1382
1466
1381
1383
1467
1382
1384
1468
1385
1469
1384
1386
1470
1385
1387
1471
1388
1472
1387
1389
1473
1388
1390
1474
1391
1475
1390
1476
1391
1477
1478
1393
1395
1479
1394
1396
1480
1397
1481
1396
1398
1482
1397
1399
1483
1400
1484
1399
1401
1485
1400
1402
1486
1403
1487
1402
1404
1488
1403
1405
1489
1406
1490
1405
1407
1491
1406
1408
1492
1409
1493
1408
1410
1494
1409
1411
1495
1412
1496
1411
1413
1497
1412
1414
1498
1415
1499
1414
1416
1500
1415
1417
1501
1418
1502
1417
1419
1503
1418
1420
1504
1421
1505
1420
1422
1506
1421
1423
1507
1424
1508
1423
1425
1509
1424
1426
1510
1427
1511
1426
1428
1512
1427
1429
1513
1430
1514
1429
1431
1515
1430
1432
1516
1433
1517
1432
1434
1518
1433
1435
1519
1436
1520
1435
1437
1521
1436
1438
1522
1439
1523
1438
1440
1524
1439
1441
1525
1442
1526
1441
1443
1527
1442
1444
1528
1445
1529
1444
1446
1530
1445
1447
1531
1448
1532
1447
1449
1533
1448
1450
1534
1451
1535
1450
1452
1536
1451
1453
1537
1454
1538
1453
1455
1539
1454
1456
1540
1457
1541
1456
1458
1542
1457
1459
1543
1460
1544
1459
1461
1545
1460
1462
1546
1463
1547
1462
1464
1548
1463
1465
1549
1466
1550
1465
1467
1551
1466
1468
1552
1469
1553
1468
1470
1554
1469
1471
1555
1472
1556
1471
1473
1557
1472
1474
1558
1475
1559
1474
1476
1560
1475
1477
1561
1478
1562
1477
1563
1478
1564
1565
1480
1482
1566
1481
1483
1567
1484
1568
1483
1485
1569
1484
1486
1570
1487
1571
1486
1488
1572
1487
1489
1573
1490
1574
1489
1491
1575
1490
1492
1576
1493
1577
1492
1494
1578
1493
1495
1579
1496
1580
1495
1497
1581
1496
1498
1582
1499
1583
1498
1500
1584
1499
1501
1585
1502
1586
1501
1503
1587
1502
1504
1588
1505
1589
1504
1506
1590
1505
1507
1591
1508
1592
1507
1509
1593
1508
1510
1594
1511
1595
1510
1512
1596
1511
1513
1597
1514
1598
1513
1515
1599
1514
1516
1600
1517
1601
1516
1518
1602
1517
1519
1603
1520
1604
1519
1521
1605
1520
1522
1606
1523
1607
1522
1524
1608
1523
1525
1609
1526
1610
1525
1527
1611
1526
1528
1612
1529
1613
1528
1530
1614
1529
1531
1615
1532
1616
1531
1533
1617
1532
1534
1618
1535
1619
1534
1536
1620
1535
1537
1621
1538
1622
1537
1539
1623
1538
1540
1624
1541
1625
1540
1542
1626
1541
1543
1627
1544
1628
1543
1545
1629
1544
1546
1630
1547
1631
1546
1548
1632
1547
1549
1633
1550
1634
1549
1551
1635
1550
1552
1636
1553
1637
1552
1554
1638
1553
1555
1639
1556
1640
1555
1557
1641
1556
1558
1642
1559
1643
1558
1560
1644
1559
1561
1645
1562
1646
1561
1563
1647
1562
1564
1648
1565
1649
1564
1650
1565
1651
1652
1567
1569
1653
1568
1570
1654
1571
1655
1570
1572
1656
1571
1573
1657
1574
1658
1573
1575
1659
1574
1576
1660
1577
1661
1576
1578
1662
1577
1579
1663
1580
1664
1579
1581
1665
1580
1582
1666
1583
1667
1582
1584
1668
1583
1585
1669
1586
1670
1585
1587
1671
1586
1588
1672
1589
1673
1588
1590
1674
1589
1591
1675
1592
1676
1591
1593
1677
1592
1594
1678
1595
1679
1594
1596
1680
1595
1597
1681
1598
1682
1597
1599
1683
1598
1600
1684
1601
1685
1600
1602
1686
1601
1603
1687
1604
1688
1603
1605
1689
1604
1606
1690
1607
1691
1606
1608
1692
1607
1609
1693
1610
1694
1609
1611
1695
1610
1612
1696
1613
1697
1612
1614
1698
1613
1615
1699
1616
1700
1615
1617
1701
1616
1618
1702
1619
1703
1618
1620
1704
1619
1621
1705
1622
1706
1621
1623
1707
1622
1624
1708
1625
1709
1624
1626
1710
1625
1627
1711
1628
1712
1627
1629
1713
1628
1630
1714
1631
1715
1630
1632
1716
1631
1633
1717
1634
1718
1633
1635
1719
1634
1636
1720
1637
1721
1636
1638
1722
1637
1639
1723
1640
1724
1639
1641
1725
1640
1642
1726
1643
1727
1642
1644
1728
1643
1645
1729
1646
1730
1645
1647
1731
1646
1648
1732
1649
1733
1648
1650
1734
1649
1651
1735
1652
1736
1651
1737
1652
1738
1739
1654
1656
1740
1655
1657
1741
1658
1742
1657
1659
1743
1658
1660
1744
1661
1745
1660
1662
1746
1661
1663
1747
1664
1748
1663
1665
1749
1664
1666
1750
1667
1751
1666
1668
1752
1667
1669
1753
1670
1754
1669
1671
1755
1670
1672
1756
1673
1757
1672
1674
1758
1673
1675
1759
1676
1760
1675
1677
1761
1676
1678
1762
1679
1763
1678
1680
1764
1679
1681
1765
1682
1766
1681
1683
1767
1682
1684
1768
1685
1769
1684
1686
1770
1685
1687
1771
1688
1772
1687
1689
1773
1688
1690
1774
1691
1775
1690
1692
1776
1691
1693
1777
1694
1778
1693
1695
1779
1694
1696
1780
1697
1781
1696
1698
1782
1697
1699
1783
1700
1784
1699
1701
1785
1700
1702
1786
1703
1787
1702
1704
1788
1703
1705
1789
1706
1790
1705
1707
1791
1706
1708
1792
1709
1793
1708
1710
1794
1709
1711
1795
1712
1796
1711
1713
1797
1712
1714
1798
1715
1799
1714
1716
1800
1715
1717
1801
1718
1802
1717
1719
1803
1718
1720
1804
1721
1805
1720
1722
1806
1721
1723
1807
1724
1808
1723
1725
1809
1724
1726
1810
1727
1811
1726
1728
1812
1727
1729
1813
1730
1814
1729
1731
1815
1730
1732
1816
1733
1817
1732
1734
1818
1733
1735
1819
1736
1820
1735
1737
1821
1736
1738
1822
1739
1823
1738
1824
1739
1825
1826
1741
1743
1827
1742
1744
1828
1745
1829
1744
1746
1830
1745
1747
1831
1748
1832
1747
1749
1833
1748
1750
1834
1751
1835
1750
1752
1836
1751
1753
1837
1754
1838
1753
1755
1839
1754
1756
1840
1757
1841
1756
1758
1842
1757
1759
1843
1760
1844
1759
1761
1845
1760
1762
1846
1763
1847
1762
1764
1848
1763
1765
1849
1766
1850
1765
1767
1851
1766
1768
1852
1769
1853
1768
1770
1854
1769
1771
1855
1772
1856
1771
1773
1857
1772
1774
1858
1775
1859
1774
1776
1860
1775
1777
1861
1778
1862
1777
1779
1863
1778
1780
1864
1781
1865
1780
1782
1866
1781
1783
1867
1784
1868
1783
1785
1869
1784
1786
1870
1787
1871
1786
1788
1872
1787
1789
1873
1790
1874
1789
1791
1875
1790
1792
1876
1793
1877
1792
1794
1878
1793
1795
1879
1796
1880
1795
1797
1881
1796
1798
1882
1799
1883
1798
1800
1884
1799
1801
1885
1802
1886
1801
1803
1887
1802
1804
1888
1805
1889
1804
1806
1890
1805
1807
1891
1808
1892
1807
1809
1893
1808
1810
1894
1811
1895
1810
1812
1896
1811
1813
1897
1814
1898
1813
1815
1899
1814
1816
1900
1817
1901
1816
1818
1902
1817
1819
1903
1820
1904
1819
1821
1905
1820
1822
1906
1823
1907
1822
1824
1908
1823
1825
1909
1826
1910
1825
1911
1826
1912
1913
1828
1830
1914
1829
1831
1915
1832
1916
1831
1833
1917
1832
1834
1918
1835
1919
1834
1836
1920
1835
1837
1921
1838
1922
1837
1839
1923
1838
1840
1924
1841
1925
1840
1842
1926
1841
1843
1927
1844
1928
1843
1845
1929
1844
1846
1930
1847
1931
1846
1848
1932
1847
1849
1933
1850
1934
1849
1851
1935
1850
1852
1936
1853
1937
1852
1854
1938
1853
1855
1939
1856
1940
1855
1857
1941
1856
1858
1942
1859
1943
1858
1860
1944
1859
1861
1945
1862
1946
1861
1863
1947
1862
1864
1948
1865
1949
1864
1866
1950
1865
1867
1951
1868
1952
1867
1869
1953
1868
1870
1954
1871
1955
1870
1872
1956
1871
1873
1957
1874
1958
1873
1875
1959
1874
1876
1960
1877
1961
1876
1878
1962
1877
1879
1963
1880
1964
1879
1881
1965
1880
1882
1966
1883
1967
1882
1884
1968
1883
1885
1969
1886
1970
1885
1887
1971
1886
1888
1972
1889
1973
1888
1890
1974
1889
1891
1975
1892
1976
1891
1893
1977
1892
1894
1978
1895
1979
1894
1896
1980
1895
1897
1981
1898
1982
1897
1899
1983
1898
1900
1984
1901
1985
1900
1902
1986
1901
1903
1987
1904
1988
1903
1905
1989
1904
1906
1990
1907
1991
1906
1908
1992
1907
1909
1993
1910
1994
1909
1911
1995
1910
1912
1996
1913
1997
1912
1998
1913
1999
2000
1915
1917
2001
1916
1918
2002
1919
2003
1918
1920
2004
1919
1921
2005
1922
2006
1921
1923
2007
1922
1924
2008
1925
2009
1924
1926
2010
1925
1927
2011
1928
2012
1927
1929
2013
1928
1930
2014
1931
2015
1930
1932
2016
1931
1933
2017
1934
2018
1933
1935
2019
1934
1936
2020
1937
2021
1936
1938
2022
1937
1939
2023
1940
2024
1939
1941
2025
1940
1942
2026
1943
2027
1942
1944
2028
1943
1945
2029
1946
2030
1945
1947
2031
1946
1948
2032
1949
2033
1948
1950
2034
1949
1951
2035
1952
2036
1951
1953
2037
1952
1954
2038
1955
2039
1954
1956
2040
1955
1957
2041
1958
2042
1957
1959
2043
1958
1960
2044
1961
2045
1960
1962
2046
1961
1963
2047
1964
2048
1963
1965
2049
1964
1966
2050
1967
2051
1966
1968
2052
1967
1969
2053
1970
2054
1969
1971
2055
1970
1972
2056
1973
2057
1972
1974
2058
1973
1975
2059
1976
2060
1975
1977
2061
1976
1978
2062
1979
2063
1978
1980
2064
1979
1981
2065
1982
2066
1981
1983
2067
1982
1984
2068
1985
2069
1984
1986
2070
1985
1987
2071
1988
2072
1987
1989
2073
1988
1990
2074
1991
2075
1990
1992
2076
1991
1993
2077
1994
2078
1993
1995
2079
1994
1996
2080
1997
2081
1996
1998
2082
1997
1999
2083
2000
2084
1999
2085
2000
2086
2087
2002
2004
2088
2003
2005
2089
2006
2090
2005
2007
2091
2006
2008
2092
2009
2093
2008
2010
2094
2009
2011
2095
2012
2096
2011
2013
2097
2012
2014
2098
2015
2099
2014
2016
2100
2015
2017
2101
2018
2102
2017
2019
2103
2018
2020
2104
2021
2105
2020
2022
2106
2021
2023
2107
2024
2108
2023
2025
2109
2024
2026
2110
2027
2111
2026
2028
2112
2027
2029
2113
2030
2114
2029
2031
2115
2030
2032
2116
2033
2117
2032
2034
2118
2033
2035
2119
2036
2120
2035
2037
2121
2036
2038
2122
2039
2123
2038
2040
2124
2039
2041
2125
2042
2126
2041
2043
2127
2042
2044
2128
2045
2129
2044
2046
2130
2045
2047
2131
2048
2132
2047
2049
2133
2048
2050
2134
2051
2135
2050
2052
2136
2051
2053
2137
2054
2138
2053
2055
2139
2054
2056
2140
2057
2141
2056
2058
2142
2057
2059
2143
2060
2144
2059
2061
2145
2060
2062
2146
2063
2147
2062
2064
2148
2063
2065
2149
2066
2150
2065
2067
2151
2066
2068
2152
2069
2153
2068
2070
2154
2069
2071
2155
2072
2156
2071
2073
2157
2072
2074
2158
2075
2159
2074
2076
2160
2075
2077
2161
2078
2162
2077
2079
2163
2078
2080
2164
2081
2165
2080
2082
2166
2081
2083
2167
2084
2168
2083
2085
2169
2084
2086
2170
2087
2171
2086
2172
2087
2173
2174
2089
2091
2175
2090
2092
2176
2093
2177
2092
2094
2178
2093
2095
2179
2096
2180
2095
2097
2181
2096
2098
2182
2099
2183
2098
2100
2184
2099
2101
2185
2102
2186
2101
2103
2187
2102
2104
2188
2105
2189
2104
2106
2190
2105
2107
2191
2108
2192
2107
2109
2193
2108
2110
2194
2111
2195
2110
2112
2196
2111
2113
2197
2114
2198
2113
2115
2199
2114
2116
2200
2117
2201
2116
2118
2202
2117
2119
2203
2120
2204
2119
2121
2205
2120
2122
2206
2123
2207
2122
2124
2208
2123
2125
2209
2126
2210
2125
2127
2211
2126
2128
2212
2129
2213
2128
2130
2214
2129
2131
2215
2132
2216
2131
2133
2217
2132
2134
2218
2135
2219
2134
2136
2220
2135
2137
2221
2138
2222
2137
2139
2223
2138
2140
2224
2141
2225
2140
2142
2226
2141
2143
2227
2144
2228
2143
2145
2229
2144
2146
2230
2147
2231
2146
2148
2232
2147
2149
2233
2150
2234
2149
2151
2235
2150
2152
2236
2153
2237
2152
2154
2238
2153
2155
2239
2156
2240
2155
2157
2241
2156
2158
2242
2159
2243
2158
2160
2244
2159
2161
2245
2162
2246
2161
2163
2247
2162
2164
2248
2165
2249
2164
2166
2250
2165
2167
2251
2168
2252
2167
2169
2253
2168
2170
2254
2171
2255
2170
2172
2256
2171
2173
2257
2174
2258
2173
2259
2174
2260
2261
2176
2178
2262
2177
2179
2263
2180
2264
2179
2181
2265
2180
2182
2266
2183
2267
2182
2184
2268
2183
2185
2269
2186
2270
2185
2187
2271
2186
2188
2272
2189
2273
2188
2190
2274
2189
2191
2275
2192
2276
2191
2193
2277
2192
2194
2278
2195
2279
2194
2196
2280
2195
2197
2281
2198
2282
2197
2199
2283
2198
2200
2284
2201
2285
2200
2202
2286
2201
2203
2287
2204
2288
2203
2205
2289
2204
2206
2290
2207
2291
2206
2208
2292
2207
2209
2293
2210
2294
2209
2211
2295
2210
2212
2296
2213
2297
2212
2214
2298
2213
2215
2299
2216
2300
2215
2217
2301
2216
2218
2302
2219
2303
2218
2220
2304
2219
2221
2305
2222
2306
2221
2223
2307
2222
2224
2308
2225
2309
2224
2226
2310
2225
2227
2311
2228
2312
2227
2229
2313
2228
2230
2314
2231
2315
2230
2232
2316
2231
2233
2317
2234
2318
2233
2235
2319
2234
2236
2320
2237
2321
2236
2238
2322
2237
2239
2323
2240
2324
2239
2241
2325
2240
2242
2326
2243
2327
2242
2244
2328
2243
2245
2329
2246
2330
2245
2247
2331
2246
2248
2332
2249
2333
2248
2250
2334
2249
2251
2335
2252
2336
2251
2253
2337
2252
2254
2338
2255
2339
2254
2256
2340
2255
2257
2341
2258
2342
2257
2259
2343
2258
2260
2344
2261
2345
2260
2346
2261
2347
2348
2263
2265
2349
2264
2266
2350
2267
2351
2266
2268
2352
2267
2269
2353
2270
2354
2269
2271
2355
2270
2272
2356
2273
2357
2272
2274
2358
2273
2275
2359
2276
2360
2275
2277
2361
2276
2278
2362
2279
2363
2278
2280
2364
2279
2281
2365
2282
2366
2281
2283
2367
2282
2284
2368
2285
2369
2284
2286
2370
2285
2287
2371
2288
2372
2287
2289
2373
2288
2290
2374
2291
2375
2290
2292
2376
2291
2293
2377
2294
2378
2293
2295
2379
2294
2296
2380
2297
2381
2296
2298
2382
2297
2299
2383
2300
2384
2299
2301
2385
2300
2302
2386
2303
2387
2302
2304
2388
2303
2305
2389
2306
2390
2305
2307
2391
2306
2308
2392
2309
2393
2308
2310
2394
2309
2311
2395
2312
2396
2311
2313
2397
2312
2314
2398
2315
2399
2314
2316
2400
2315
2317
2401
2318
2402
2317
2319
2403
2318
2320
2404
2321
2405
2320
2322
2406
2321
2323
2407
2324
2408
2323
2325
2409
2324
2326
2410
2327
2411
2326
2328
2412
2327
2329
2413
2330
2414
2329
2331
2415
2330
2332
2416
2333
2417
2332
2334
2418
2333
2335
2419
2336
2420
2335
2337
2421
2336
2338
2422
2339
2423
2338
2340
2424
2339
2341
2425
2342
2426
2341
2343
2427
2342
2344
2428
2345
2429
2344
2346
2430
2345
2347
2431
2348
2432
2347
2433
2348
2434
2435
2350
2352
2436
2351
2353
2437
2354
2438
2353
2355
2439
2354
2356
2440
2357
2441
2356
2358
2442
2357
2359
2443
2360
2444
2359
2361
2445
2360
2362
2446
2363
2447
2362
2364
2448
2363
2365
2449
2366
2450
2365
2367
2451
2366
2368
2452
2369
2453
2368
2370
2454
2369
2371
2455
2372
2456
2371
2373
2457
2372
2374
2458
2375
2459
2374
2376
2460
2375
2377
2461
2378
2462
2377
2379
2463
2378
2380
2464
2381
2465
2380
2382
2466
2381
2383
2467
2384
2468
2383
2385
2469
2384
2386
2470
2387
2471
2386
2388
2472
2387
2389
2473
2390
2474
2389
2391
2475
2390
2392
2476
2393
2477
2392
2394
2478
2393
2395
2479
2396
2480
2395
2397
2481
2396
2398
2482
2399
2483
2398
2400
2484
2399
2401
2485
2402
2486
2401
2403
2487
2402
2404
2488
2405
2489
2404
2406
2490
2405
2407
2491
2408
2492
2407
2409
2493
2408
2410
2494
2411
2495
2410
2412
2496
2411
2413
2497
2414
2498
2413
2415
2499
2414
2416
2500
2417
2501
2416
2418
2502
2417
2419
2503
2420
2504
2419
2421
2505
2420
2422
2506
2423
2507
2422
2424
2508
2423
2425
2509
2426
2510
2425
2427
2511
2426
2428
2512
2429
2513
2428
2430
2514
2429
2431
2515
2432
2516
2431
2433
2517
2432
2434
2518
2435
2519
2434
2520
2435
2521
2522
2437
2439
2523
2438
2440
2524
2441
2525
2440
2442
2526
2441
2443
2527
2444
2528
2443
2445
2529
2444
2446
2530
2447
2531
2446
2448
2532
2447
2449
2533
2450
2534
2449
2451
2535
2450
2452
2536
2453
2537
2452
2454
2538
2453
2455
2539
2456
2540
2455
2457
2541
2456
2458
2542
2459
2543
2458
2460
2544
2459
2461
2545
2462
2546
2461
2463
2547
2462
2464
2548
2465
2549
2464
2466
2550
2465
2467
2551
2468
2552
2467
2469
2553
2468
2470
2554
2471
2555
2470
2472
2556
2471
2473
2557
2474
2558
2473
2475
2559
2474
2476
2560
2477
2561
2476
2478
2562
2477
2479
2563
2480
2564
2479
2481
2565
2480
2482
2566
2483
2567
2482
2484
2568
2483
2485
2569
2486
2570
2485
2487
2571
2486
2488
2572
2489
2573
2488
2490
2574
2489
2491
2575
2492
2576
2491
2493
2577
2492
2494
2578
2495
2579
2494
2496
2580
2495
2497
2581
2498
2582
2497
2499
2583
2498
2500
2584
2501
2585
2500
2502
2586
2501
2503
2587
2504
2588
2503
2505
2589
2504
2506
2590
2507
2591
2506
2508
2592
2507
2509
2593
2510
2594
2509
2511
2595
2510
2512
2596
2513
2597
2512
2514
2598
2513
2515
2599
2516
2600
2515
2517
2601
2516
2518
2602
2519
2603
2518
2520
2604
2519
2521
2605
2522
2606
2521
2607
2522
2608
2609
2524
2526
2610
2525
2527
2611
2528
2612
2527
2529
2613
2528
2530
2614
2531
2615
2530
2532
2616
2531
2533
2617
2534
2618
2533
2535
2619
2534
2536
2620
2537
2621
2536
2538
2622
2537
2539
2623
2540
2624
2539
2541
2625
2540
2542
2626
2543
2627
2542
2544
2628
2543
2545
2629
2546
2630
2545
2547
2631
2546
2548
2632
2549
2633
2548
2550
2634
2549
2551
2635
2552
2636
2551
2553
2637
2552
2554
2638
2555
2639
2554
2556
2640
2555
2557
2641
2558
2642
2557
2559
2643
2558
2560
2644
2561
2645
2560
2562
2646
2561
2563
2647
2564
2648
2563
2565
2649
2564
2566
2650
2567
2651
2566
2568
2652
2567
2569
2653
2570
2654
2569
2571
2655
2570
2572
2656
2573
2657
2572
2574
2658
2573
2575
2659
2576
2660
2575
2577
2661
2576
2578
2662
2579
2663
2578
2580
2664
2579
2581
2665
2582
2666
2581
2583
2667
2582
2584
2668
2585
2669
2584
2586
2670
2585
2587
2671
2588
2672
2587
2589
2673
2588
2590
2674
2591
2675
2590
2592
2676
2591
2593
2677
2594
2678
2593
2595
2679
2594
2596
2680
2597
2681
2596
2598
2682
2597
2599
2683
2600
2684
2599
2601
2685
2600
2602
2686
2603
2687
2602
2604
2688
2603
2605
2689
2606
2690
2605
2607
2691
2606
2608
2692
2609
2693
2608
2694
2609
2695
2696
2611
2613
2697
2612
2614
2698
2615
2699
2614
2616
2700
2615
2617
2701
2618
2702
2617
2619
2703
2618
2620
2704
2621
2705
2620
2622
2706
2621
2623
2707
2624
2708
2623
2625
2709
2624
2626
2710
2627
2711
2626
2628
2712
2627
2629
2713
2630
2714
2629
2631
2715
2630
2632
2716
2633
2717
2632
2634
2718
2633
2635
2719
2636
2720
2635
2637
2721
2636
2638
2722
2639
2723
2638
2640
2724
2639
2641
2725
2642
2726
2641
2643
2727
2642
2644
2728
2645
2729
2644
2646
2730
2645
2647
2731
2648
2732
2647
2649
2733
2648
2650
2734
2651
2735
2650
2652
2736
2651
2653
2737
2654
2738
2653
2655
2739
2654
2656
2740
2657
2741
2656
2658
2742
2657
2659
2743
2660
2744
2659
2661
2745
2660
2662
2746
2663
2747
2662
2664
2748
2663
2665
2749
2666
2750
2665
2667
2751
2666
2668
2752
2669
2753
2668
2670
2754
2669
2671
2755
2672
2756
2671
2673
2757
2672
2674
2758
2675
2759
2674
2676
2760
2675
2677
2761
2678
2762
2677
2679
2763
2678
2680
2764
2681
2765
2680
2682
2766
2681
2683
2767
2684
2768
2683
2685
2769
2684
2686
2770
2687
2771
2686
2688
2772
2687
2689
2773
2690
2774
2689
2691
2775
2690
2692
2776
2693
2777
2692
2694
2778
2693
2695
2779
2696
2780
2695
2781
2696
2782
2783
2698
2700
2784
2699
2701
2785
2702
2786
2701
2703
2787
2702
2704
2788
2705
2789
2704
2706
2790
2705
2707
2791
2708
2792
2707
2709
2793
2708
2710
2794
2711
2795
2710
2712
2796
2711
2713
2797
2714
2798
2713
2715
2799
2714
2716
2800
2717
2801
2716
2718
2802
2717
2719
2803
2720
2804
2719
2721
2805
2720
2722
2806
2723
2807
2722
2724
2808
2723
2725
2809
2726
2810
2725
2727
2811
2726
2728
2812
2729
2813
2728
2730
2814
2729
2731
2815
2732
2816
2731
2733
2817
2732
2734
2818
2735
2819
2734
2736
2820
2735
2737
2821
2738
2822
2737
2739
2823
2738
2740
2824
2741
2825
2740
2742
2826
2741
2743
2827
2744
2828
2743
2745
2829
2744
2746
2830
2747
2831
2746
2748
2832
2747
2749
2833
2750
2834
2749
2751
2835
2750
2752
2836
2753
2837
2752
2754
2838
2753
2755
2839
2756
2840
2755
2757
2841
2756
2758
2842
2759
2843
2758
2760
2844
2759
2761
2845
2762
2846
2761
2763
2847
2762
2764
2848
2765
2849
2764
2766
2850
2765
2767
2851
2768
2852
2767
2769
2853
2768
2770
2854
2771
2855
2770
2772
2856
2771
2773
2857
2774
2858
2773
2775
2859
2774
2776
2860
2777
2861
2776
2778
2862
2777
2779
2863
2780
2864
2779
2781
2865
2780
2782
2866
2783
2867
2782
2868
2783
2869
2870
2785
2787
2871
2786
2788
2872
2789
2873
2788
2790
2874
2789
2791
2875
2792
2876
2791
2793
2877
2792
2794
2878
2795
2879
2794
2796
2880
2795
2797
2881
2798
2882
2797
2799
2883
2798
2800
2884
2801
2885
2800
2802
2886
2801
2803
2887
2804
2888
2803
2805
2889
2804
2806
2890
2807
2891
2806
2808
2892
2807
2809
2893
2810
2894
2809
2811
2895
2810
2812
2896
2813
2897
2812
2814
2898
2813
2815
2899
2816
2900
2815
2817
2901
2816
2818
2902
2819
2903
2818
2820
2904
2819
2821
2905
2822
2906
2821
2823
2907
2822
2824
2908
2825
2909
2824
2826
2910
2825
2827
2911
2828
2912
2827
2829
2913
2828
2830
2914
2831
2915
2830
2832
2916
2831
2833
2917
2834
2918
2833
2835
2919
2834
2836
2920
2837
2921
2836
2838
2922
2837
2839
2923
2840
2924
2839
2841
2925
2840
2842
2926
2843
2927
2842
2844
2928
2843
2845
2929
2846
2930
2845
2847
2931
2846
2848
2932
2849
2933
2848
2850
2934
2849
2851
2935
2852
2936
2851
2853
2937
2852
2854
2938
2855
2939
2854
2856
2940
2855
2857
2941
2858
2942
2857
2859
2943
2858
2860
2944
2861
2945
2860
2862
2946
2861
2863
2947
2864
2948
2863
2865
2949
2864
2866
2950
2867
2951
2866
2868
2952
2867
2869
2953
2870
2954
2869
2955
2870
2956
2957
2872
2874
2958
2873
2875
2959
2876
2960
2875
2877
2961
2876
2878
2962
2879
2963
2878
2880
2964
2879
2881
2965
2882
2966
2881
2883
2967
2882
2884
2968
2885
2969
2884
2886
2970
2885
2887
2971
2888
2972
2887
2889
2973
2888
2890
2974
2891
2975
2890
2892
2976
2891
2893
2977
2894
2978
2893
2895
2979
2894
2896
2980
2897
2981
2896
2898
2982
2897
2899
2983
2900
2984
2899
2901
2985
2900
2902
2986
2903
2987
2902
2904
2988
2903
2905
2989
2906
2990
2905
2907
2991
2906
2908
2992
2909
2993
2908
2910
2994
2909
2911
2995
2912
2996
2911
2913
2997
2912
2914
2998
2915
2999
2914
2916
3000
2915
2917
3001
2918
3002
2917
2919
3003
2918
2920
3004
2921
3005
2920
2922
3006
2921
2923
3007
2924
3008
2923
2925
3009
2924
2926
3010
2927
3011
2926
2928
3012
2927
2929
3013
2930
3014
2929
2931
3015
2930
2932
3016
2933
3017
2932
2934
3018
2933
2935
3019
2936
3020
2935
2937
3021
2936
2938
3022
2939
3023
2938
2940
3024
2939
2941
3025
2942
3026
2941
2943
3027
2942
2944
3028
2945
3029
2944
2946
3030
2945
2947
3031
2948
3032
2947
2949
3033
2948
2950
3034
2951
3035
2950
2952
3036
2951
2953
3037
2954
3038
2953
2955
3039
2954
2956
3040
2957
3041
2956
3042
2957
3043
3044
2959
2961
3045
2960
2962
3046
2963
3047
2962
2964
3048
2963
2965
3049
2966
3050
2965
2967
3051
2966
2968
3052
2969
3053
2968
2970
3054
2969
2971
3055
2972
3056
2971
2973
3057
2972
2974
3058
2975
3059
2974
2976
3060
2975
2977
3061
2978
3062
2977
2979
3063
2978
2980
3064
2981
3065
2980
2982
3066
2981
2983
3067
2984
3068
2983
2985
3069
2984
2986
3070
2987
3071
2986
2988
3072
2987
2989
3073
2990
3074
2989
2991
3075
2990
2992
3076
2993
3077
2992
2994
3078
2993
2995
3079
2996
3080
2995
2997
3081
2996
2998
3082
2999
3083
2998
3000
3084
2999
3001
3085
3002
3086
3001
3003
3087
3002
3004
3088
3005
3089
3004
3006
3090
3005
3007
3091
3008
3092
3007
3009
3093
3008
3010
3094
3011
3095
3010
3012
3096
3011
3013
3097
3014
3098
3013
3015
3099
3014
3016
3100
3017
3101
3016
3018
3102
3017
3019
3103
3020
3104
3019
3021
3105
3020
3022
3106
3023
3107
3022
3024
3108
3023
3025
3109
3026
3110
3025
3027
3111
3026
3028
3112
3029
3113
3028
3030
3114
3029
3031
3115
3032
3116
3031
3033
3117
3032
3034
3118
3035
3119
3034
3036
3120
3035
3037
3121
3038
3122
3037
3039
3123
3038
3040
3124
3041
3125
3040
3042
3126
3041
3043
3127
3044
3128
3043
3129
3044
3130
3131
3046
3048
3132
3047
3049
3133
3050
3134
3049
3051
3135
3050
3052
3136
3053
3137
3052
3054
3138
3053
3055
3139
3056
3140
3055
3057
3141
3056
3058
3142
3059
3143
3058
3060
3144
3059
3061
3145
3062
3146
3061
3063
3147
3062
3064
3148
3065
3149
3064
3066
3150
3065
3067
3151
3068
3152
3067
3069
3153
3068
3070
3154
3071
3155
3070
3072
3156
3071
3073
3157
3074
3158
3073
3075
3159
3074
3076
3160
3077
3161
3076
3078
3162
3077
3079
3163
3080
3164
3079
3081
3165
3080
3082
3166
3083
3167
3082
3084
3168
3083
3085
3169
3086
3170
3085
3087
3171
3086
3088
3172
3089
3173
3088
3090
3174
3089
3091
3175
3092
3176
3091
3093
3177
3092
3094
3178
3095
3179
3094
3096
3180
3095
3097
3181
3098
3182
3097
3099
3183
3098
3100
3184
3101
3185
3100
3102
3186
3101
3103
3187
3104
3188
3103
3105
3189
3104
3106
3190
3107
3191
3106
3108
3192
3107
3109
3193
3110
3194
3109
3111
3195
3110
3112
3196
3113
3197
3112
3114
3198
3113
3115
3199
3116
3200
3115
3117
3201
3116
3118
3202
3119
3203
3118
3120
3204
3119
3121
3205
3122
3206
3121
3123
3207
3122
3124
3208
3125
3209
3124
3126
3210
3125
3127
3211
3128
3212
3127
3129
3213
3128
3130
3214
3131
3215
3130
3216
3131
3217
3218
3133
3135
3219
3134
3136
3220
3137
3221
3136
3138
3222
3137
3139
3223
3140
3224
3139
3141
3225
3140
3142
3226
3143
3227
3142
3144
3228
3143
3145
3229
3146
3230
3145
3147
3231
3146
3148
3232
3149
3233
3148
3150
3234
3149
3151
3235
3152
3236
3151
3153
3237
3152
3154
3238
3155
3239
3154
3156
3240
3155
3157
3241
3158
3242
3157
3159
3243
3158
3160
3244
3161
3245
3160
3162
3246
3161
3163
3247
3164
3248
3163
3165
3249
3164
3166
3250
3167
3251
3166
3168
3252
3167
3169
3253
3170
3254
3169
3171
3255
3170
3172
3256
3173
3257
3172
3174
3258
3173
3175
3259
3176
3260
3175
3177
3261
3176
3178
3262
3179
3263
3178
3180
3264
3179
3181
3265
3182
3266
3181
3183
3267
3182
3184
3268
3185
3269
3184
3186
3270
3185
3187
3271
3188
3272
3187
3189
3273
3188
3190
3274
3191
3275
3190
3192
3276
3191
3193
3277
3194
3278
3193
3195
3279
3194
3196
3280
3197
3281
3196
3198
3282
3197
3199
3283
3200
3284
3199
3201
3285
3200
3202
3286
3203
3287
3202
3204
3288
3203
3205
3289
3206
3290
3205
3207
3291
3206
3208
3292
3209
3293
3208
3210
3294
3209
3211
3295
3212
3296
3211
3213
3297
3212
3214
3298
3215
3299
3214
3216
3300
3215
3217
3301
3218
3302
3217
3303
3218
3304
3305
3220
3222
3306
3221
3223
3307
3224
3308
3223
3225
3309
3224
3226
3310
3227
3311
3226
3228
3312
3227
3229
3313
3230
3314
3229
3231
3315
3230
3232
3316
3233
3317
3232
3234
3318
3233
3235
3319
3236
3320
3235
3237
3321
3236
3238
3322
3239
3323
3238
3240
3324
3239
3241
3325
3242
3326
3241
3243
3327
3242
3244
3328
3245
3329
3244
3246
3330
3245
3247
3331
3248
3332
3247
3249
3333
3248
3250
3334
3251
3335
3250
3252
3336
3251
3253
3337
3254
3338
3253
3255
3339
3254
3256
3340
3257
3341
3256
3258
3342
3257
3259
3343
3260
3344
3259
3261
3345
3260
3262
3346
3263
3347
3262
3264
3348
3263
3265
3349
3266
3350
3265
3267
3351
3266
3268
3352
3269
3353
3268
3270
3354
3269
3271
3355
3272
3356
3271
3273
3357
3272
3274
3358
3275
3359
3274
3276
3360
3275
3277
3361
3278
3362
3277
3279
3363
3278
3280
3364
3281
3365
3280
3282
3366
3281
3283
3367
3284
3368
3283
3285
3369
3284
3286
3370
3287
3371
3286
3288
3372
3287
3289
3373
3290
3374
3289
3291
3375
3290
3292
3376
3293
3377
3292
3294
3378
3293
3295
3379
3296
3380
3295
3297
3381
3296
3298
3382
3299
3383
3298
3300
3384
3299
3301
3385
3302
3386
3301
3303
3387
3302
3304
3388
3305
3389
3304
3390
3305
3391
3392
3307
3309
3393
3308
3310
3394
3311
3395
3310
3312
3396
3311
3313
3397
3314
3398
3313
3315
3399
3314
3316
3400
3317
3401
3316
3318
3402
3317
3319
3403
3320
3404
3319
3321
3405
3320
3322
3406
3323
3407
3322
3324
3408
3323
3325
3409
3326
3410
3325
3327
3411
3326
3328
3412
3329
3413
3328
3330
3414
3329
3331
3415
3332
3416
3331
3333
3417
3332
3334
3418
3335
3419
3334
3336
3420
3335
3337
3421
3338
3422
3337
3339
3423
3338
3340
3424
3341
3425
3340
3342
3426
3341
3343
3427
3344
3428
3343
3345
3429
3344
3346
3430
3347
3431
3346
3348
3432
3347
3349
3433
3350
3434
3349
3351
3435
3350
3352
3436
3353
3437
3352
3354
3438
3353
3355
3439
3356
3440
3355
3357
3441
3356
3358
3442
3359
3443
3358
3360
3444
3359
3361
3445
3362
3446
3361
3363
3447
3362
3364
3448
3365
3449
3364
3366
3450
3365
3367
3451
3368
3452
3367
3369
3453
3368
3370
3454
3371
3455
3370
3372
3456
3371
3373
3457
3374
3458
3373
3375
3459
3374
3376
3460
3377
3461
3376
3378
3462
3377
3379
3463
3380
3464
3379
3381
3465
3380
3382
3466
3383
3467
3382
3384
3468
3383
3385
3469
3386
3470
3385
3387
3471
3386
3388
3472
3389
3473
3388
3390
3474
3389
3391
3475
3392
3476
3391
3477
3392
3478
3479
3394
3396
3480
3395
3397
3481
3398
3482
3397
3399
3483
3398
3400
3484
3401
3485
3400
3402
3486
3401
3403
3487
3404
3488
3403
3405
3489
3404
3406
3490
3407
3491
3406
3408
3492
3407
3409
3493
3410
3494
3409
3411
3495
3410
3412
3496
3413
3497
3412
3414
3498
3413
3415
3499
3416
3500
3415
3417
3501
3416
3418
3502
3419
3503
3418
3420
3504
3419
3421
3505
3422
3506
3421
3423
3507
3422
3424
3508
3425
3509
3424
3426
3510
3425
3427
3511
3428
3512
3427
3429
3513
3428
3430
3514
3431
3515
3430
3432
3516
3431
3433
3517
3434
3518
3433
3435
3519
3434
3436
3520
3437
3521
3436
3438
3522
3437
3439
3523
3440
3524
3439
3441
3525
3440
3442
3526
3443
3527
3442
3444
3528
3443
3445
3529
3446
3530
3445
3447
3531
3446
3448
3532
3449
3533
3448
3450
3534
3449
3451
3535
3452
3536
3451
3453
3537
3452
3454
3538
3455
3539
3454
3456
3540
3455
3457
3541
3458
3542
3457
3459
3543
3458
3460
3544
3461
3545
3460
3462
3546
3461
3463
3547
3464
3548
3463
3465
3549
3464
3466
3550
3467
3551
3466
3468
3552
3467
3469
3553
3470
3554
3469
3471
3555
3470
3472
3556
3473
3557
3472
3474
3558
3473
3475
3559
3476
3560
3475
3477
3561
3476
3478
3562
3479
3563
3478
3564
3479
3565
3566
3481
3483
3567
3482
3484
3568
3485
3569
3484
3486
3570
3485
3487
3571
3488
3572
3487
3489
3573
3488
3490
3574
3491
3575
3490
3492
3576
3491
3493
3577
3494
3578
3493
3495
3579
3494
3496
3580
3497
3581
3496
3498
3582
3497
3499
3583
3500
3584
3499
3501
3585
3500
3502
3586
3503
3587
3502
3504
3588
3503
3505
3589
3506
3590
3505
3507
3591
3506
3508
3592
3509
3593
3508
3510
3594
3509
3511
3595
3512
3596
3511
3513
3597
3512
3514
3598
3515
3599
3514
3516
3600
3515
3517
3601
3518
3602
3517
3519
3603
3518
3520
3604
3521
3605
3520
3522
3606
3521
3523
3607
3524
3608
3523
3525
3609
3524
3526
3610
3527
3611
3526
3528
3612
3527
3529
3613
3530
3614
3529
3531
3615
3530
3532
3616
3533
3617
3532
3534
3618
3533
3535
3619
3536
3620
3535
3537
3621
3536
3538
3622
3539
3623
3538
3540
3624
3539
3541
3625
3542
3626
3541
3543
3627
3542
3544
3628
3545
3629
3544
3546
3630
3545
3547
3631
3548
3632
3547
3549
3633
3548
3550
3634
3551
3635
3550
3552
3636
3551
3553
3637
3554
3638
3553
3555
3639
3554
3556
3640
3557
3641
3556
3558
3642
3557
3559
3643
3560
3644
3559
3561
3645
3560
3562
3646
3563
3647
3562
3564
3648
3563
3565
3649
3566
3650
3565
3651
3566
3652
3653
3568
3570
3569
3571
3572
3571
3573
3572
3574
3575
3574
3576
3575
3577
3578
3577
3579
3578
3580
3581
3580
3582
3581
3583
3584
3583
3585
3584
3586
3587
3586
3588
3587
3589
3590
3589
3591
3590
3592
3593
3592
3594
3593
3595
3596
3595
3597
3596
3598
3599
3598
3600
3599
3601
3602
3601
3603
3602
3604
3605
3604
3606
3605
3607
3608
3607
3609
3608
3610
3611
3610
3612
3611
3613
3614
3613
3615
3614
3616
3617
3616
3618
3617
3619
3620
3619
3621
3620
3622
3623
3622
3624
3623
3625
3626
3625
3627
3626
3628
3629
3628
3630
3629
3631
3632
3631
3633
3632
3634
3635
3634
3636
3635
3637
3638
3637
3639
3638
3640
3641
3640
3642
3641
3643
3644
3643
3645
3644
3646
3647
3646
3648
3647
3649
3650
3649
3651
3650
3652
3653
3652
3653
3655
3657
3741
3656
3658
3742
3659
3743
3658
3660
3744
3659
3661
3745
3662
3746
3661
3663
3747
3662
3664
3748
3665
3749
3664
3666
3750
3665
3667
3751
3668
3752
3667
3669
3753
3668
3670
3754
3671
3755
3670
3672
3756
3671
3673
3757
3674
3758
3673
3675
3759
3674
3676
3760
3677
3761
3676
3678
3762
3677
3679
3763
3680
3764
3679
3681
3765
3680
3682
3766
3683
3767
3682
3684
3768
3683
3685
3769
3686
3770
3685
3687
3771
3686
3688
3772
3689
3773
3688
3690
3774
3689
3691
3775
3692
3776
3691
3693
3777
3692
3694
3778
3695
3779
3694
3696
3780
3695
3697
3781
3698
3782
3697
3699
3783
3698
3700
3784
3701
3785
3700
3702
3786
3701
3703
3787
3704
3788
3703
3705
3789
3704
3706
3790
3707
3791
3706
3708
3792
3707
3709
3793
3710
3794
3709
3711
3795
3710
3712
3796
3713
3797
3712
3714
3798
3713
3715
3799
3716
3800
3715
3717
3801
3716
3718
3802
3719
3803
3718
3720
3804
3719
3721
3805
3722
3806
3721
3723
3807
3722
3724
3808
3725
3809
3724
3726
3810
3725
3727
3811
3728
3812
3727
3729
3813
3728
3730
3814
3731
3815
3730
3732
3816
3731
3733
3817
3734
3818
3733
3735
3819
3734
3736
3820
3737
3821
3736
3738
3822
3737
3739
3823
3740
3824
3739
3825
3740
3826
3827
3742
3744
3828
3743
3745
3829
3746
3830
3745
3747
3831
3746
3748
3832
3749
3833
3748
3750
3834
3749
3751
3835
3752
3836
3751
3753
3837
3752
3754
3838
3755
3839
3754
3756
3840
3755
3757
3841
3758
3842
3757
3759
3843
3758
3760
3844
3761
3845
3760
3762
3846
3761
3763
3847
3764
3848
3763
3765
3849
3764
3766
3850
3767
3851
3766
3768
3852
3767
3769
3853
3770
3854
3769
3771
3855
3770
3772
3856
3773
3857
3772
3774
3858
3773
3775
3859
3776
3860
3775
3777
3861
3776
3778
3862
3779
3863
3778
3780
3864
3779
3781
3865
3782
3866
3781
3783
3867
3782
3784
3868
3785
3869
3784
3786
3870
3785
3787
3871
3788
3872
3787
3789
3873
3788
3790
3874
3791
3875
3790
3792
3876
3791
3793
3877
3794
3878
3793
3795
3879
3794
3796
3880
3797
3881
3796
3798
3882
3797
3799
3883
3800
3884
3799
3801
3885
3800
3802
3886
3803
3887
3802
3804
3888
3803
3805
3889
3806
3890
3805
3807
3891
3806
3808
3892
3809
3893
3808
3810
3894
3809
3811
3895
3812
3896
3811
3813
3897
3812
3814
3898
3815
3899
3814
3816
3900
3815
3817
3901
3818
3902
3817
3819
3903
3818
3820
3904
3821
3905
3820
3822
3906
3821
3823
3907
3824
3908
3823
3825
3909
3824
3826
3910
3827
3911
3826
3912
3827
3913
3914
3829
3831
3915
3830
3832
3916
3833
3917
3832
3834
3918
3833
3835
3919
3836
3920
3835
3837
3921
3836
3838
3922
3839
3923
3838
3840
3924
3839
3841
3925
3842
3926
3841
3843
3927
3842
3844
3928
3845
3929
3844
3846
3930
3845
3847
3931
3848
3932
3847
3849
3933
3848
3850
3934
3851
3935
3850
3852
3936
3851
3853
3937
3854
3938
3853
3855
3939
3854
3856
3940
3857
3941
3856
3858
3942
3857
3859
3943
3860
3944
3859
3861
3945
3860
3862
3946
3863
3947
3862
3864
3948
3863
3865
3949
3866
3950
3865
3867
3951
3866
3868
3952
3869
3953
3868
3870
3954
3869
3871
3955
3872
3956
3871
3873
3957
3872
3874
3958
3875
3959
3874
3876
3960
3875
3877
3961
3878
3962
3877
3879
3963
3878
3880
3964
3881
3965
3880
3882
3966
3881
3883
3967
3884
3968
3883
3885
3969
3884
3886
3970
3887
3971
3886
3888
3972
3887
3889
3973
3890
3974
3889
3891
3975
3890
3892
3976
3893
3977
3892
3894
3978
3893
3895
3979
3896
3980
3895
3897
3981
3896
3898
3982
3899
3983
3898
3900
3984
3899
3901
3985
3902
3986
3901
3903
3987
3902
3904
3988
3905
3989
3904
3906
3990
3905
3907
3991
3908
3992
3907
3909
3993
3908
3910
3994
3911
3995
3910
3912
3996
3911
3913
3997
3914
3998
3913
3999
3914
4000
4001
3916
3918
4002
3917
3919
4003
3920
4004
3919
3921
4005
3920
3922
4006
3923
4007
3922
3924
4008
3923
3925
4009
3926
4010
3925
3927
4011
3926
3928
4012
3929
4013
3928
3930
4014
3929
3931
4015
3932
4016
3931
3933
4017
3932
3934
4018
3935
4019
3934
3936
4020
3935
3937
4021
3938
4022
3937
3939
4023
3938
3940
4024
3941
4025
3940
3942
4026
3941
3943
4027
3944
4028
3943
3945
4029
3944
3946
4030
3947
4031
3946
3948
4032
3947
3949
4033
3950
4034
3949
3951
4035
3950
3952
4036
3953
4037
3952
3954
4038
3953
3955
4039
3956
4040
3955
3957
4041
3956
3958
4042
3959
4043
3958
3960
4044
3959
3961
4045
3962
4046
3961
3963
4047
3962
3964
4048
3965
4049
3964
3966
4050
3965
3967
4051
3968
4052
3967
3969
4053
3968
3970
4054
3971
4055
3970
3972
4056
3971
3973
4057
3974
4058
3973
3975
4059
3974
3976
4060
3977
4061
3976
3978
4062
3977
3979
4063
3980
4064
3979
3981
4065
3980
3982
4066
3983
4067
3982
3984
4068
3983
3985
4069
3986
4070
3985
3987
4071
3986
3988
4072
3989
4073
3988
3990
4074
3989
3991
4075
3992
4076
3991
3993
4077
3992
3994
4078
3995
4079
3994
3996
4080
3995
3997
4081
3998
4082
3997
3999
4083
3998
4000
4084
4001
4085
4000
4086
4001
4087
4088
4003
4005
4089
4004
4006
4090
4007
4091
4006
4008
4092
4007
4009
4093
4010
4094
4009
4011
4095
4010
4012
4096
4013
4097
4012
4014
4098
4013
4015
4099
4016
4100
4015
4017
4101
4016
4018
4102
4019
4103
4018
4020
4104
4019
4021
4105
4022
4106
4021
4023
4107
4022
4024
4108
4025
4109
4024
4026
4110
4025
4027
4111
4028
4112
4027
4029
4113
4028
4030
4114
4031
4115
4030
4032
4116
4031
4033
4117
4034
4118
4033
4035
4119
4034
4036
4120
4037
4121
4036
4038
4122
4037
4039
4123
4040
4124
4039
4041
4125
4040
4042
4126
4043
4127
4042
4044
4128
4043
4045
4129
4046
4130
4045
4047
4131
4046
4048
4132
4049
4133
4048
4050
4134
4049
4051
4135
4052
4136
4051
4053
4137
4052
4054
4138
4055
4139
4054
4056
4140
4055
4057
4141
4058
4142
4057
4059
4143
4058
4060
4144
4061
4145
4060
4062
4146
4061
4063
4147
4064
4148
4063
4065
4149
4064
4066
4150
4067
4151
4066
4068
4152
4067
4069
4153
4070
4154
4069
4071
4155
4070
4072
4156
4073
4157
4072
4074
4158
4073
4075
4159
4076
4160
4075
4077
4161
4076
4078
4162
4079
4163
4078
4080
4164
4079
4081
4165
4082
4166
4081
4083
4167
4082
4084
4168
4085
4169
4084
4086
4170
4085
4087
4171
4088
4172
4087
4173
4088
4174
4175
4090
4092
4176
4091
4093
4177
4094
4178
4093
4095
4179
4094
4096
4180
4097
4181
4096
4098
4182
4097
4099
4183
4100
4184
4099
4101
4185
4100
4102
4186
4103
4187
4102
4104
4188
4103
4105
4189
4106
4190
4105
4107
4191
4106
4108
4192
4109
4193
4108
4110
4194
4109
4111
4195
4112
4196
4111
4113
4197
4112
4114
4198
4115
4199
4114
4116
4200
4115
4117
4201
4118
4202
4117
4119
4203
4118
4120
4204
4121
4205
4120
4122
4206
4121
4123
4207
4124
4208
4123
4125
4209
4124
4126
4210
4127
4211
4126
4128
4212
4127
4129
4213
4130
4214
4129
4131
4215
4130
4132
4216
4133
4217
4132
4134
4218
4133
4135
4219
4136
4220
4135
4137
4221
4136
4138
4222
4139
4223
4138
4140
4224
4139
4141
4225
4142
4226
4141
4143
4227
4142
4144
4228
4145
4229
4144
4146
4230
4145
4147
4231
4148
4232
4147
4149
4233
4148
4150
4234
4151
4235
4150
4152
4236
4151
4153
4237
4154
4238
4153
4155
4239
4154
4156
4240
4157
4241
4156
4158
4242
4157
4159
4243
4160
4244
4159
4161
4245
4160
4162
4246
4163
4247
4162
4164
4248
4163
4165
4249
4166
4250
4165
4167
4251
4166
4168
4252
4169
4253
4168
4170
4254
4169
4171
4255
4172
4256
4171
4173
4257
4172
4174
4258
4175
4259
4174
4260
4175
4261
4262
4177
4179
4263
4178
4180
4264
4181
4265
4180
4182
4266
4181
4183
4267
4184
4268
4183
4185
4269
4184
4186
4270
4187
4271
4186
4188
4272
4187
4189
4273
4190
4274
4189
4191
4275
4190
4192
4276
4193
4277
4192
4194
4278
4193
4195
4279
4196
4280
4195
4197
4281
4196
4198
4282
4199
4283
4198
4200
4284
4199
4201
4285
4202
4286
4201
4203
4287
4202
4204
4288
4205
4289
4204
4206
4290
4205
4207
4291
4208
4292
4207
4209
4293
4208
4210
4294
4211
4295
4210
4212
4296
4211
4213
4297
4214
4298
4213
4215
4299
4214
4216
4300
4217
4301
4216
4218
4302
4217
4219
4303
4220
4304
4219
4221
4305
4220
4222
4306
4223
4307
4222
4224
4308
4223
4225
4309
4226
4310
4225
4227
4311
4226
4228
4312
4229
4313
4228
4230
4314
4229
4231
4315
4232
4316
4231
4233
4317
4232
4234
4318
4235
4319
4234
4236
4320
4235
4237
4321
4238
4322
4237
4239
4323
4238
4240
4324
4241
4325
4240
4242
4326
4241
4243
4327
4244
4328
4243
4245
4329
4244
4246
4330
4247
4331
4246
4248
4332
4247
4249
4333
4250
4334
4249
4251
4335
4250
4252
4336
4253
4337
4252
4254
4338
4253
4255
4339
4256
4340
4255
4257
4341
4256
4258
4342
4259
4343
4258
4260
4344
4259
4261
4345
4262
4346
4261
4347
4262
4348
4349
4264
4266
4350
4265
4267
4351
4268
4352
4267
4269
4353
4268
4270
4354
4271
4355
4270
4272
4356
4271
4273
4357
4274
4358
4273
4275
4359
4274
4276
4360
4277
4361
4276
4278
4362
4277
4279
4363
4280
4364
4279
4281
4365
4280
4282
4366
4283
4367
4282
4284
4368
4283
4285
4369
4286
4370
4285
4287
4371
4286
4288
4372
4289
4373
4288
4290
4374
4289
4291
4375
4292
4376
4291
4293
4377
4292
4294
4378
4295
4379
4294
4296
4380
4295
4297
4381
4298
4382
4297
4299
4383
4298
4300
4384
4301
4385
4300
4302
4386
4301
4303
4387
4304
4388
4303
4305
4389
4304
4306
4390
4307
4391
4306
4308
4392
4307
4309
4393
4310
4394
4309
4311
4395
4310
4312
4396
4313
4397
4312
4314
4398
4313
4315
4399
4316
4400
4315
4317
4401
4316
4318
4402
4319
4403
4318
4320
4404
4319
4321
4405
4322
4406
4321
4323
4407
4322
4324
4408
4325
4409
4324
4326
4410
4325
4327
4411
4328
4412
4327
4329
4413
4328
4330
4414
4331
4415
4330
4332
4416
4331
4333
4417
4334
4418
4333
4335
4419
4334
4336
4420
4337
4421
4336
4338
4422
4337
4339
4423
4340
4424
4339
4341
4425
4340
4342
4426
4343
4427
4342
4344
4428
4343
4345
4429
4346
4430
4345
4347
4431
4346
4348
4432
4349
4433
4348
4434
4349
4435
4436
4351
4353
4437
4352
4354
4438
4355
4439
4354
4356
4440
4355
4357
4441
4358
4442
4357
4359
4443
4358
4360
4444
4361
4445
4360
4362
4446
4361
4363
4447
4364
4448
4363
4365
4449
4364
4366
4450
4367
4451
4366
4368
4452
4367
4369
4453
4370
4454
4369
4371
4455
4370
4372
4456
4373
4457
4372
4374
4458
4373
4375
4459
4376
4460
4375
4377
4461
4376
4378
4462
4379
4463
4378
4380
4464
4379
4381
4465
4382
4466
4381
4383
4467
4382
4384
4468
4385
4469
4384
4386
4470
4385
4387
4471
4388
4472
4387
4389
4473
4388
4390
4474
4391
4475
4390
4392
4476
4391
4393
4477
4394
4478
4393
4395
4479
4394
4396
4480
4397
4481
4396
4398
4482
4397
4399
4483
4400
4484
4399
4401
4485
4400
4402
4486
4403
4487
4402
4404
4488
4403
4405
4489
4406
4490
4405
4407
4491
4406
4408
4492
4409
4493
4408
4410
4494
4409
4411
4495
4412
4496
4411
4413
4497
4412
4414
4498
4415
4499
4414
4416
4500
4415
4417
4501
4418
4502
4417
4419
4503
4418
4420
4504
4421
4505
4420
4422
4506
4421
4423
4507
4424
4508
4423
4425
4509
4424
4426
4510
4427
4511
4426
4428
4512
4427
4429
4513
4430
4514
4429
4431
4515
4430
4432
4516
4433
4517
4432
4434
4518
4433
4435
4519
4436
4520
4435
4521
4436
4522
4523
4438
4440
4524
4439
4441
4525
4442
4526
4441
4443
4527
4442
4444
4528
4445
4529
4444
4446
4530
4445
4447
4531
4448
4532
4447
4449
4533
4448
4450
4534
4451
4535
4450
4452
4536
4451
4453
4537
4454
4538
4453
4455
4539
4454
4456
4540
4457
4541
4456
4458
4542
4457
4459
4543
4460
4544
4459
4461
4545
4460
4462
4546
4463
4547
4462
4464
4548
4463
4465
4549
4466
4550
4465
4467
4551
4466
4468
4552
4469
4553
4468
4470
4554
4469
4471
4555
4472
4556
4471
4473
4557
4472
4474
4558
4475
4559
4474
4476
4560
4475
4477
4561
4478
4562
4477
4479
4563
4478
4480
4564
4481
4565
4480
4482
4566
4481
4483
4567
4484
4568
4483
4485
4569
4484
4486
4570
4487
4571
4486
4488
4572
4487
4489
4573
4490
4574
4489
4491
4575
4490
4492
4576
4493
4577
4492
4494
4578
4493
4495
4579
4496
4580
4495
4497
4581
4496
4498
4582
4499
4583
4498
4500
4584
4499
4501
4585
4502
4586
4501
4503
4587
4502
4504
4588
4505
4589
4504
4506
4590
4505
4507
4591
4508
4592
4507
4509
4593
4508
4510
4594
4511
4595
4510
4512
4596
4511
4513
4597
4514
4598
4513
4515
4599
4514
4516
4600
4517
4601
4516
4518
4602
4517
4519
4603
4520
4604
4519
4521
4605
4520
4522
4606
4523
4607
4522
4608
4523
4609
4610
4525
4527
4611
4526
4528
4612
4529
4613
4528
4530
4614
4529
4531
4615
4532
4616
4531
4533
4617
4532
4534
4618
4535
4619
4534
4536
4620
4535
4537
4621
4538
4622
4537
4539
4623
4538
4540
4624
4541
4625
4540
4542
4626
4541
4543
4627
4544
4628
4543
4545
4629
4544
4546
4630
4547
4631
4546
4548
4632
4547
4549
4633
4550
4634
4549
4551
4635
4550
4552
4636
4553
4637
4552
4554
4638
4553
4555
4639
4556
4640
4555
4557
4641
4556
4558
4642
4559
4643
4558
4560
4644
4559
4561
4645
4562
4646
4561
4563
4647
4562
4564
4648
4565
4649
4564
4566
4650
4565
4567
4651
4568
4652
4567
4569
4653
4568
4570
4654
4571
4655
4570
4572
4656
4571
4573
4657
4574
4658
4573
4575
4659
4574
4576
4660
4577
4661
4576
4578
4662
4577
4579
4663
4580
4664
4579
4581
4665
4580
4582
4666
4583
4667
4582
4584
4668
4583
4585
4669
4586
4670
4585
4587
4671
4586
4588
4672
4589
4673
4588
4590
4674
4589
4591
4675
4592
4676
4591
4593
4677
4592
4594
4678
4595
4679
4594
4596
4680
4595
4597
4681
4598
4682
4597
4599
4683
4598
4600
4684
4601
4685
4600
4602
4686
4601
4603
4687
4604
4688
4603
4605
4689
4604
4606
4690
4607
4691
4606
4608
4692
4607
4609
4693
4610
4694
4609
4695
4610
4696
4697
4612
4614
7218
4613
4615
7219
4616
7220
4615
4617
7128
4616
4618
7129
4619
7130
4618
4620
7038
4619
4621
7039
4622
7040
4621
4623
6948
4622
4624
6949
4625
6950
4624
4626
6858
4625
4627
6859
4628
6860
4627
4629
6768
4628
4630
6769
4631
6770
4630
4632
6678
4631
4633
6679
4634
6680
4633
4635
6588
4634
4636
6589
4637
6590
4636
4638
6498
4637
4639
6499
4640
6500
4639
4641
6408
4640
4642
6409
4643
6410
4642
4644
6318
4643
4645
6319
4646
6320
4645
4647
6228
4646
4648
6229
4649
6230
4648
4650
6138
4649
4651
6139
4652
6140
4651
4653
6048
4652
4654
6049
4655
6050
4654
4656
5958
4655
4657
5959
4658
5960
4657
4659
5868
4658
4660
5869
4661
5870
4660
4662
5778
4661
4663
5779
4664
5780
4663
4665
5688
4664
4666
5689
4667
5690
4666
4668
5598
4667
4669
5599
4670
5600
4669
4671
5508
4670
4672
5509
4673
5510
4672
4674
5418
4673
4675
5419
4676
5420
4675
4677
5328
4676
4678
5329
4679
5330
4678
4680
5238
4679
4681
5239
4682
5240
4681
4683
5148
4682
4684
5149
4685
5150
4684
4686
5058
4685
4687
5059
4688
5060
4687
4689
4968
4688
4690
4969
4691
4970
4690
4692
4878
4691
4693
4879
4694
4880
4693
4695
4788
4694
4696
4789
4697
4790
4696
4698
4697
4699
4700
4699
4701
4788
4700
4702
4789
4703
4790
4702
4704
4791
4703
4705
4792
4706
4793
4705
4707
4794
4706
4708
4795
4709
4796
4708
4710
4797
4709
4711
4798
4712
4799
4711
4713
4800
4712
4714
4801
4715
4802
4714
4716
4803
4715
4717
4804
4718
4805
4717
4719
4806
4718
4720
4807
4721
4808
4720
4722
4809
4721
4723
4810
4724
4811
4723
4725
4812
4724
4726
4813
4727
4814
4726
4728
4815
4727
4729
4816
4730
4817
4729
4731
4818
4730
4732
4819
4733
4820
4732
4734
4821
4733
4735
4822
4736
4823
4735
4737
4824
4736
4738
4825
4739
4826
4738
4740
4827
4739
4741
4828
4742
4829
4741
4743
4830
4742
4744
4831
4745
4832
4744
4746
4833
4745
4747
4834
4748
4835
4747
4749
4836
4748
4750
4837
4751
4838
4750
4752
4839
4751
4753
4840
4754
4841
4753
4755
4842
4754
4756
4843
4757
4844
4756
4758
4845
4757
4759
4846
4760
4847
4759
4761
4848
4760
4762
4849
4763
4850
4762
4764
4851
4763
4765
4852
4766
4853
4765
4767
4854
4766
4768
4855
4769
4856
4768
4770
4857
4769
4771
4858
4772
4859
4771
4773
4860
4772
4774
4861
4775
4862
4774
4776
4863
4775
4777
4864
4778
4865
4777
4779
4866
4778
4780
4867
4781
4868
4780
4782
4869
4781
4783
4870
4784
4871
4783
4785
4872
4784
4786
4873
4787
4874
4786
4875
4787
4876
4877
4789
4791
4878
4790
4792
4879
4793
4880
4792
4794
4881
4793
4795
4882
4796
4883
4795
4797
4884
4796
4798
4885
4799
4886
4798
4800
4887
4799
4801
4888
4802
4889
4801
4803
4890
4802
4804
4891
4805
4892
4804
4806
4893
4805
4807
4894
4808
4895
4807
4809
4896
4808
4810
4897
4811
4898
4810
4812
4899
4811
4813
4900
4814
4901
4813
4815
4902
4814
4816
4903
4817
4904
4816
4818
4905
4817
4819
4906
4820
4907
4819
4821
4908
4820
4822
4909
4823
4910
4822
4824
4911
4823
4825
4912
4826
4913
4825
4827
4914
4826
4828
4915
4829
4916
4828
4830
4917
4829
4831
4918
4832
4919
4831
4833
4920
4832
4834
4921
4835
4922
4834
4836
4923
4835
4837
4924
4838
4925
4837
4839
4926
4838
4840
4927
4841
4928
4840
4842
4929
4841
4843
4930
4844
4931
4843
4845
4932
4844
4846
4933
4847
4934
4846
4848
4935
4847
4849
4936
4850
4937
4849
4851
4938
4850
4852
4939
4853
4940
4852
4854
4941
4853
4855
4942
4856
4943
4855
4857
4944
4856
4858
4945
4859
4946
4858
4860
4947
4859
4861
4948
4862
4949
4861
4863
4950
4862
4864
4951
4865
4952
4864
4866
4953
4865
4867
4954
4868
4955
4867
4869
4956
4868
4870
4957
4871
4958
4870
4872
4959
4871
4873
4960
4874
4961
4873
4875
4962
4874
4876
4963
4877
4964
4876
4965
4877
4966
4967
4879
4881
4968
4880
4882
4969
4883
4970
4882
4884
4971
4883
4885
4972
4886
4973
4885
4887
4974
4886
4888
4975
4889
4976
4888
4890
4977
4889
4891
4978
4892
4979
4891
4893
4980
4892
4894
4981
4895
4982
4894
4896
4983
4895
4897
4984
4898
4985
4897
4899
4986
4898
4900
4987
4901
4988
4900
4902
4989
4901
4903
4990
4904
4991
4903
4905
4992
4904
4906
4993
4907
4994
4906
4908
4995
4907
4909
4996
4910
4997
4909
4911
4998
4910
4912
4999
4913
5000
4912
4914
5001
4913
4915
5002
4916
5003
4915
4917
5004
4916
4918
5005
4919
5006
4918
4920
5007
4919
4921
5008
4922
5009
4921
4923
5010
4922
4924
5011
4925
5012
4924
4926
5013
4925
4927
5014
4928
5015
4927
4929
5016
4928
4930
5017
4931
5018
4930
4932
5019
4931
4933
5020
4934
5021
4933
4935
5022
4934
4936
5023
4937
5024
4936
4938
5025
4937
4939
5026
4940
5027
4939
4941
5028
4940
4942
5029
4943
5030
4942
4944
5031
4943
4945
5032
4946
5033
4945
4947
5034
4946
4948
5035
4949
5036
4948
4950
5037
4949
4951
5038
4952
5039
4951
4953
5040
4952
4954
5041
4955
5042
4954
4956
5043
4955
4957
5044
4958
5045
4957
4959
5046
4958
4960
5047
4961
5048
4960
4962
5049
4961
4963
5050
4964
5051
4963
4965
5052
4964
4966
5053
4967
5054
4966
5055
4967
5056
5057
4969
4971
5058
4970
4972
5059
4973
5060
4972
4974
5061
4973
4975
5062
4976
5063
4975
4977
5064
4976
4978
5065
4979
5066
4978
4980
5067
4979
4981
5068
4982
5069
4981
4983
5070
4982
4984
5071
4985
5072
4984
4986
5073
4985
4987
5074
4988
5075
4987
4989
5076
4988
4990
5077
4991
5078
4990
4992
5079
4991
4993
5080
4994
5081
4993
4995
5082
4994
4996
5083
4997
5084
4996
4998
5085
4997
4999
5086
5000
5087
4999
5001
5088
5000
5002
5089
5003
5090
5002
5004
5091
5003
5005
5092
5006
5093
5005
5007
5094
5006
5008
5095
5009
5096
5008
5010
5097
5009
5011
5098
5012
5099
5011
5013
5100
5012
5014
5101
5015
5102
5014
5016
5103
5015
5017
5104
5018
5105
5017
5019
5106
5018
5020
5107
5021
5108
5020
5022
5109
5021
5023
5110
5024
5111
5023
5025
5112
5024
5026
5113
5027
5114
5026
5028
5115
5027
5029
5116
5030
5117
5029
5031
5118
5030
5032
5119
5033
5120
5032
5034
5121
5033
5035
5122
5036
5123
5035
5037
5124
5036
5038
5125
5039
5126
5038
5040
5127
5039
5041
5128
5042
5129
5041
5043
5130
5042
5044
5131
5045
5132
5044
5046
5133
5045
5047
5134
5048
5135
5047
5049
5136
5048
5050
5137
5051
5138
5050
5052
5139
5051
5053
5140
5054
5141
5053
5055
5142
5054
5056
5143
5057
5144
5056
5145
5057
5146
5147
5059
5061
5148
5060
5062
5149
5063
5150
5062
5064
5151
5063
5065
5152
5066
5153
5065
5067
5154
5066
5068
5155
5069
5156
5068
5070
5157
5069
5071
5158
5072
5159
5071
5073
5160
5072
5074
5161
5075
5162
5074
5076
5163
5075
5077
5164
5078
5165
5077
5079
5166
5078
5080
5167
5081
5168
5080
5082
5169
5081
5083
5170
5084
5171
5083
5085
5172
5084
5086
5173
5087
5174
5086
5088
5175
5087
5089
5176
5090
5177
5089
5091
5178
5090
5092
5179
5093
5180
5092
5094
5181
5093
5095
5182
5096
5183
5095
5097
5184
5096
5098
5185
5099
5186
5098
5100
5187
5099
5101
5188
5102
5189
5101
5103
5190
5102
5104
5191
5105
5192
5104
5106
5193
5105
5107
5194
5108
5195
5107
5109
5196
5108
5110
5197
5111
5198
5110
5112
5199
5111
5113
5200
5114
5201
5113
5115
5202
5114
5116
5203
5117
5204
5116
5118
5205
5117
5119
5206
5120
5207
5119
5121
5208
5120
5122
5209
5123
5210
5122
5124
5211
5123
5125
5212
5126
5213
5125
5127
5214
5126
5128
5215
5129
5216
5128
5130
5217
5129
5131
5218
5132
5219
5131
5133
5220
5132
5134
5221
5135
5222
5134
5136
5223
5135
5137
5224
5138
5225
5137
5139
5226
5138
5140
5227
5141
5228
5140
5142
5229
5141
5143
5230
5144
5231
5143
5145
5232
5144
5146
5233
5147
5234
5146
5235
5147
5236
5237
5149
5151
5238
5150
5152
5239
5153
5240
5152
5154
5241
5153
5155
5242
5156
5243
5155
5157
5244
5156
5158
5245
5159
5246
5158
5160
5247
5159
5161
5248
5162
5249
5161
5163
5250
5162
5164
5251
5165
5252
5164
5166
5253
5165
5167
5254
5168
5255
5167
5169
5256
5168
5170
5257
5171
5258
5170
5172
5259
5171
5173
5260
5174
5261
5173
5175
5262
5174
5176
5263
5177
5264
5176
5178
5265
5177
5179
5266
5180
5267
5179
5181
5268
5180
5182
5269
5183
5270
5182
5184
5271
5183
5185
5272
5186
5273
5185
5187
5274
5186
5188
5275
5189
5276
5188
5190
5277
5189
5191
5278
5192
5279
5191
5193
5280
5192
5194
5281
5195
5282
5194
5196
5283
5195
5197
5284
5198
5285
5197
5199
5286
5198
5200
5287
5201
5288
5200
5202
5289
5201
5203
5290
5204
5291
5203
5205
5292
5204
5206
5293
5207
5294
5206
5208
5295
5207
5209
5296
5210
5297
5209
5211
5298
5210
5212
5299
5213
5300
5212
5214
5301
5213
5215
5302
5216
5303
5215
5217
5304
5216
5218
5305
5219
5306
5218
5220
5307
5219
5221
5308
5222
5309
5221
5223
5310
5222
5224
5311
5225
5312
5224
5226
5313
5225
5227
5314
5228
5315
5227
5229
5316
5228
5230
5317
5231
5318
5230
5232
5319
5231
5233
5320
5234
5321
5233
5235
5322
5234
5236
5323
5237
5324
5236
5325
5237
5326
5327
5239
5241
5328
5240
5242
5329
5243
5330
5242
5244
5331
5243
5245
5332
5246
5333
5245
5247
5334
5246
5248
5335
5249
5336
5248
5250
5337
5249
5251
5338
5252
5339
5251
5253
5340
5252
5254
5341
5255
5342
5254
5256
5343
5255
5257
5344
5258
5345
5257
5259
5346
5258
5260
5347
5261
5348
5260
5262
5349
5261
5263
5350
5264
5351
5263
5265
5352
5264
5266
5353
5267
5354
5266
5268
5355
5267
5269
5356
5270
5357
5269
5271
5358
5270
5272
5359
5273
5360
5272
5274
5361
5273
5275
5362
5276
5363
5275
5277
5364
5276
5278
5365
5279
5366
5278
5280
5367
5279
5281
5368
5282
5369
5281
5283
5370
5282
5284
5371
5285
5372
5284
5286
5373
5285
5287
5374
5288
5375
5287
5289
5376
5288
5290
5377
5291
5378
5290
5292
5379
5291
5293
5380
5294
5381
5293
5295
5382
5294
5296
5383
5297
5384
5296
5298
5385
5297
5299
5386
5300
5387
5299
5301
5388
5300
5302
5389
5303
5390
5302
5304
5391
5303
5305
5392
5306
5393
5305
5307
5394
5306
5308
5395
5309
5396
5308
5310
5397
5309
5311
5398
5312
5399
5311
5313
5400
5312
5314
5401
5315
5402
5314
5316
5403
5315
5317
5404
5318
5405
5317
5319
5406
5318
5320
5407
5321
5408
5320
5322
5409
5321
5323
5410
5324
5411
5323
5325
5412
5324
5326
5413
5327
5414
5326
5415
5327
5416
5417
5329
5331
5418
5330
5332
5419
5333
5420
5332
5334
5421
5333
5335
5422
5336
5423
5335
5337
5424
5336
5338
5425
5339
5426
5338
5340
5427
5339
5341
5428
5342
5429
5341
5343
5430
5342
5344
5431
5345
5432
5344
5346
5433
5345
5347
5434
5348
5435
5347
5349
5436
5348
5350
5437
5351
5438
5350
5352
5439
5351
5353
5440
5354
5441
5353
5355
5442
5354
5356
5443
5357
5444
5356
5358
5445
5357
5359
5446
5360
5447
5359
5361
5448
5360
5362
5449
5363
5450
5362
5364
5451
5363
5365
5452
5366
5453
5365
5367
5454
5366
5368
5455
5369
5456
5368
5370
5457
5369
5371
5458
5372
5459
5371
5373
5460
5372
5374
5461
5375
5462
5374
5376
5463
5375
5377
5464
5378
5465
5377
5379
5466
5378
5380
5467
5381
5468
5380
5382
5469
5381
5383
5470
5384
5471
5383
5385
5472
5384
5386
5473
5387
5474
5386
5388
5475
5387
5389
5476
5390
5477
5389
5391
5478
5390
5392
5479
5393
5480
5392
5394
5481
5393
5395
5482
5396
5483
5395
5397
5484
5396
5398
5485
5399
5486
5398
5400
5487
5399
5401
5488
5402
5489
5401
5403
5490
5402
5404
5491
5405
5492
5404
5406
5493
5405
5407
5494
5408
5495
5407
5409
5496
5408
5410
5497
5411
5498
5410
5412
5499
5411
5413
5500
5414
5501
5413
5415
5502
5414
5416
5503
5417
5504
5416
5505
5417
5506
5507
5419
5421
5508
5420
5422
5509
5423
5510
5422
5424
5511
5423
5425
5512
5426
5513
5425
5427
5514
5426
5428
5515
5429
5516
5428
5430
5517
5429
5431
5518
5432
5519
5431
5433
5520
5432
5434
5521
5435
5522
5434
5436
5523
5435
5437
5524
5438
5525
5437
5439
5526
5438
5440
5527
5441
5528
5440
5442
5529
5441
5443
5530
5444
5531
5443
5445
5532
5444
5446
5533
5447
5534
5446
5448
5535
5447
5449
5536
5450
5537
5449
5451
5538
5450
5452
5539
5453
5540
5452
5454
5541
5453
5455
5542
5456
5543
5455
5457
5544
5456
5458
5545
5459
5546
5458
5460
5547
5459
5461
5548
5462
5549
5461
5463
5550
5462
5464
5551
5465
5552
5464
5466
5553
5465
5467
5554
5468
5555
5467
5469
5556
5468
5470
5557
5471
5558
5470
5472
5559
5471
5473
5560
5474
5561
5473
5475
5562
5474
5476
5563
5477
5564
5476
5478
5565
5477
5479
5566
5480
5567
5479
5481
5568
5480
5482
5569
5483
5570
5482
5484
5571
5483
5485
5572
5486
5573
5485
5487
5574
5486
5488
5575
5489
5576
5488
5490
5577
5489
5491
5578
5492
5579
5491
5493
5580
5492
5494
5581
5495
5582
5494
5496
5583
5495
5497
5584
5498
5585
5497
5499
5586
5498
5500
5587
5501
5588
5500
5502
5589
5501
5503
5590
5504
5591
5503
5505
5592
5504
5506
5593
5507
5594
5506
5595
5507
5596
5597
5509
5511
5598
5510
5512
5599
5513
5600
5512
5514
5601
5513
5515
5602
5516
5603
5515
5517
5604
5516
5518
5605
5519
5606
5518
5520
5607
5519
5521
5608
5522
5609
5521
5523
5610
5522
5524
5611
5525
5612
5524
5526
5613
5525
5527
5614
5528
5615
5527
5529
5616
5528
5530
5617
5531
5618
5530
5532
5619
5531
5533
5620
5534
5621
5533
5535
5622
5534
5536
5623
5537
5624
5536
5538
5625
5537
5539
5626
5540
5627
5539
5541
5628
5540
5542
5629
5543
5630
5542
5544
5631
5543
5545
5632
5546
5633
5545
5547
5634
5546
5548
5635
5549
5636
5548
5550
5637
5549
5551
5638
5552
5639
5551
5553
5640
5552
5554
5641
5555
5642
5554
5556
5643
5555
5557
5644
5558
5645
5557
5559
5646
5558
5560
5647
5561
5648
5560
5562
5649
5561
5563
5650
5564
5651
5563
5565
5652
5564
5566
5653
5567
5654
5566
5568
5655
5567
5569
5656
5570
5657
5569
5571
5658
5570
5572
5659
5573
5660
5572
5574
5661
5573
5575
5662
5576
5663
5575
5577
5664
5576
5578
5665
5579
5666
5578
5580
5667
5579
5581
5668
5582
5669
5581
5583
5670
5582
5584
5671
5585
5672
5584
5586
5673
5585
5587
5674
5588
5675
5587
5589
5676
5588
5590
5677
5591
5678
5590
5592
5679
5591
5593
5680
5594
5681
5593
5595
5682
5594
5596
5683
5597
5684
5596
5685
5597
5686
5687
5599
5601
5688
5600
5602
5689
5603
5690
5602
5604
5691
5603
5605
5692
5606
5693
5605
5607
5694
5606
5608
5695
5609
5696
5608
5610
5697
5609
5611
5698
5612
5699
5611
5613
5700
5612
5614
5701
5615
5702
5614
5616
5703
5615
5617
5704
5618
5705
5617
5619
5706
5618
5620
5707
5621
5708
5620
5622
5709
5621
5623
5710
5624
5711
5623
5625
5712
5624
5626
5713
5627
5714
5626
5628
5715
5627
5629
5716
5630
5717
5629
5631
5718
5630
5632
5719
5633
5720
5632
5634
5721
5633
5635
5722
5636
5723
5635
5637
5724
5636
5638
5725
5639
5726
5638
5640
5727
5639
5641
5728
5642
5729
5641
5643
5730
5642
5644
5731
5645
5732
5644
5646
5733
5645
5647
5734
5648
5735
5647
5649
5736
5648
5650
5737
5651
5738
5650
5652
5739
5651
5653
5740
5654
5741
5653
5655
5742
5654
5656
5743
5657
5744
5656
5658
5745
5657
5659
5746
5660
5747
5659
5661
5748
5660
5662
5749
5663
5750
5662
5664
5751
5663
5665
5752
5666
5753
5665
5667
5754
5666
5668
5755
5669
5756
5668
5670
5757
5669
5671
5758
5672
5759
5671
5673
5760
5672
5674
5761
5675
5762
5674
5676
5763
5675
5677
5764
5678
5765
5677
5679
5766
5678
5680
5767
5681
5768
5680
5682
5769
5681
5683
5770
5684
5771
5683
5685
5772
5684
5686
5773
5687
5774
5686
5775
5687
5776
5777
5689
5691
5778
5690
5692
5779
5693
5780
5692
5694
5781
5693
5695
5782
5696
5783
5695
5697
5784
5696
5698
5785
5699
5786
5698
5700
5787
5699
5701
5788
5702
5789
5701
5703
5790
5702
5704
5791
5705
5792
5704
5706
5793
5705
5707
5794
5708
5795
5707
5709
5796
5708
5710
5797
5711
5798
5710
5712
5799
5711
5713
5800
5714
5801
5713
5715
5802
5714
5716
5803
5717
5804
5716
5718
5805
5717
5719
5806
5720
5807
5719
5721
5808
5720
5722
5809
5723
5810
5722
5724
5811
5723
5725
5812
5726
5813
5725
5727
5814
5726
5728
5815
5729
5816
5728
5730
5817
5729
5731
5818
5732
5819
5731
5733
5820
5732
5734
5821
5735
5822
5734
5736
5823
5735
5737
5824
5738
5825
5737
5739
5826
5738
5740
5827
5741
5828
5740
5742
5829
5741
5743
5830
5744
5831
5743
5745
5832
5744
5746
5833
5747
5834
5746
5748
5835
5747
5749
5836
5750
5837
5749
5751
5838
5750
5752
5839
5753
5840
5752
5754
5841
5753
5755
5842
5756
5843
5755
5757
5844
5756
5758
5845
5759
5846
5758
5760
5847
5759
5761
5848
5762
5849
5761
5763
5850
5762
5764
5851
5765
5852
5764
5766
5853
5765
5767
5854
5768
5855
5767
5769
5856
5768
5770
5857
5771
5858
5770
5772
5859
5771
5773
5860
5774
5861
5773
5775
5862
5774
5776
5863
5777
5864
5776
5865
5777
5866
5867
5779
5781
5868
5780
5782
5869
5783
5870
5782
5784
5871
5783
5785
5872
5786
5873
5785
5787
5874
5786
5788
5875
5789
5876
5788
5790
5877
5789
5791
5878
5792
5879
5791
5793
5880
5792
5794
5881
5795
5882
5794
5796
5883
5795
5797
5884
5798
5885
5797
5799
5886
5798
5800
5887
5801
5888
5800
5802
5889
5801
5803
5890
5804
5891
5803
5805
5892
5804
5806
5893
5807
5894
5806
5808
5895
5807
5809
5896
5810
5897
5809
5811
5898
5810
5812
5899
5813
5900
5812
5814
5901
5813
5815
5902
5816
5903
5815
5817
5904
5816
5818
5905
5819
5906
5818
5820
5907
5819
5821
5908
5822
5909
5821
5823
5910
5822
5824
5911
5825
5912
5824
5826
5913
5825
5827
5914
5828
5915
5827
5829
5916
5828
5830
5917
5831
5918
5830
5832
5919
5831
5833
5920
5834
5921
5833
5835
5922
5834
5836
5923
5837
5924
5836
5838
5925
5837
5839
5926
5840
5927
5839
5841
5928
5840
5842
5929
5843
5930
5842
5844
5931
5843
5845
5932
5846
5933
5845
5847
5934
5846
5848
5935
5849
5936
5848
5850
5937
5849
5851
5938
5852
5939
5851
5853
5940
5852
5854
5941
5855
5942
5854
5856
5943
5855
5857
5944
5858
5945
5857
5859
5946
5858
5860
5947
5861
5948
5860
5862
5949
5861
5863
5950
5864
5951
5863
5865
5952
5864
5866
5953
5867
5954
5866
5955
5867
5956
5957
5869
5871
5958
5870
5872
5959
5873
5960
5872
5874
5961
5873
5875
5962
5876
5963
5875
5877
5964
5876
5878
5965
5879
5966
5878
5880
5967
5879
5881
5968
5882
5969
5881
5883
5970
5882
5884
5971
5885
5972
5884
5886
5973
5885
5887
5974
5888
5975
5887
5889
5976
5888
5890
5977
5891
5978
5890
5892
5979
5891
5893
5980
5894
5981
5893
5895
5982
5894
5896
5983
5897
5984
5896
5898
5985
5897
5899
5986
5900
5987
5899
5901
5988
5900
5902
5989
5903
5990
5902
5904
5991
5903
5905
5992
5906
5993
5905
5907
5994
5906
5908
5995
5909
5996
5908
5910
5997
5909
5911
5998
5912
5999
5911
5913
6000
5912
5914
6001
5915
6002
5914
5916
6003
5915
5917
6004
5918
6005
5917
5919
6006
5918
5920
6007
5921
6008
5920
5922
6009
5921
5923
6010
5924
6011
5923
5925
6012
5924
5926
6013
5927
6014
5926
5928
6015
5927
5929
6016
5930
6017
5929
5931
6018
5930
5932
6019
5933
6020
5932
5934
6021
5933
5935
6022
5936
6023
5935
5937
6024
5936
5938
6025
5939
6026
5938
5940
6027
5939
5941
6028
5942
6029
5941
5943
6030
5942
5944
6031
5945
6032
5944
5946
6033
5945
5947
6034
5948
6035
5947
5949
6036
5948
5950
6037
5951
6038
5950
5952
6039
5951
5953
6040
5954
6041
5953
5955
6042
5954
5956
6043
5957
6044
5956
6045
5957
6046
6047
5959
5961
6048
5960
5962
6049
5963
6050
5962
5964
6051
5963
5965
6052
5966
6053
5965
5967
6054
5966
5968
6055
5969
6056
5968
5970
6057
5969
5971
6058
5972
6059
5971
5973
6060
5972
5974
6061
5975
6062
5974
5976
6063
5975
5977
6064
5978
6065
5977
5979
6066
5978
5980
6067
5981
6068
5980
5982
6069
5981
5983
6070
5984
6071
5983
5985
6072
5984
5986
6073
5987
6074
5986
5988
6075
5987
5989
6076
5990
6077
5989
5991
6078
5990
5992
6079
5993
6080
5992
5994
6081
5993
5995
6082
5996
6083
5995
5997
6084
5996
5998
6085
5999
6086
5998
6000
6087
5999
6001
6088
6002
6089
6001
6003
6090
6002
6004
6091
6005
6092
6004
6006
6093
6005
6007
6094
6008
6095
6007
6009
6096
6008
6010
6097
6011
6098
6010
6012
6099
6011
6013
6100
6014
6101
6013
6015
6102
6014
6016
6103
6017
6104
6016
6018
6105
6017
6019
6106
6020
6107
6019
6021
6108
6020
6022
6109
6023
6110
6022
6024
6111
6023
6025
6112
6026
6113
6025
6027
6114
6026
6028
6115
6029
6116
6028
6030
6117
6029
6031
6118
6032
6119
6031
6033
6120
6032
6034
6121
6035
6122
6034
6036
6123
6035
6037
6124
6038
6125
6037
6039
6126
6038
6040
6127
6041
6128
6040
6042
6129
6041
6043
6130
6044
6131
6043
6045
6132
6044
6046
6133
6047
6134
6046
6135
6047
6136
6137
6049
6051
6138
6050
6052
6139
6053
6140
6052
6054
6141
6053
6055
6142
6056
6143
6055
6057
6144
6056
6058
6145
6059
6146
6058
6060
6147
6059
6061
6148
6062
6149
6061
6063
6150
6062
6064
6151
6065
6152
6064
6066
6153
6065
6067
6154
6068
6155
6067
6069
6156
6068
6070
6157
6071
6158
6070
6072
6159
6071
6073
6160
6074
6161
6073
6075
6162
6074
6076
6163
6077
6164
6076
6078
6165
6077
6079
6166
6080
6167
6079
6081
6168
6080
6082
6169
6083
6170
6082
6084
6171
6083
6085
6172
6086
6173
6085
6087
6174
6086
6088
6175
6089
6176
6088
6090
6177
6089
6091
6178
6092
6179
6091
6093
6180
6092
6094
6181
6095
6182
6094
6096
6183
6095
6097
6184
6098
6185
6097
6099
6186
6098
6100
6187
6101
6188
6100
6102
6189
6101
6103
6190
6104
6191
6103
6105
6192
6104
6106
6193
6107
6194
6106
6108
6195
6107
6109
6196
6110
6197
6109
6111
6198
6110
6112
6199
6113
6200
6112
6114
6201
6113
6115
6202
6116
6203
6115
6117
6204
6116
6118
6205
6119
6206
6118
6120
6207
6119
6121
6208
6122
6209
6121
6123
6210
6122
6124
6211
6125
6212
6124
6126
6213
6125
6127
6214
6128
6215
6127
6129
6216
6128
6130
6217
6131
6218
6130
6132
6219
6131
6133
6220
6134
6221
6133
6135
6222
6134
6136
6223
6137
6224
6136
6225
6137
6226
6227
6139
6141
6228
6140
6142
6229
6143
6230
6142
6144
6231
6143
6145
6232
6146
6233
6145
6147
6234
6146
6148
6235
6149
6236
6148
6150
6237
6149
6151
6238
6152
6239
6151
6153
6240
6152
6154
6241
6155
6242
6154
6156
6243
6155
6157
6244
6158
6245
6157
6159
6246
6158
6160
6247
6161
6248
6160
6162
6249
6161
6163
6250
6164
6251
6163
6165
6252
6164
6166
6253
6167
6254
6166
6168
6255
6167
6169
6256
6170
6257
6169
6171
6258
6170
6172
6259
6173
6260
6172
6174
6261
6173
6175
6262
6176
6263
6175
6177
6264
6176
6178
6265
6179
6266
6178
6180
6267
6179
6181
6268
6182
6269
6181
6183
6270
6182
6184
6271
6185
6272
6184
6186
6273
6185
6187
6274
6188
6275
6187
6189
6276
6188
6190
6277
6191
6278
6190
6192
6279
6191
6193
6280
6194
6281
6193
6195
6282
6194
6196
6283
6197
6284
6196
6198
6285
6197
6199
6286
6200
6287
6199
6201
6288
6200
6202
6289
6203
6290
6202
6204
6291
6203
6205
6292
6206
6293
6205
6207
6294
6206
6208
6295
6209
6296
6208
6210
6297
6209
6211
6298
6212
6299
6211
6213
6300
6212
6214
6301
6215
6302
6214
6216
6303
6215
6217
6304
6218
6305
6217
6219
6306
6218
6220
6307
6221
6308
6220
6222
6309
6221
6223
6310
6224
6311
6223
6225
6312
6224
6226
6313
6227
6314
6226
6315
6227
6316
6317
6229
6231
6318
6230
6232
6319
6233
6320
6232
6234
6321
6233
6235
6322
6236
6323
6235
6237
6324
6236
6238
6325
6239
6326
6238
6240
6327
6239
6241
6328
6242
6329
6241
6243
6330
6242
6244
6331
6245
6332
6244
6246
6333
6245
6247
6334
6248
6335
6247
6249
6336
6248
6250
6337
6251
6338
6250
6252
6339
6251
6253
6340
6254
6341
6253
6255
6342
6254
6256
6343
6257
6344
6256
6258
6345
6257
6259
6346
6260
6347
6259
6261
6348
6260
6262
6349
6263
6350
6262
6264
6351
6263
6265
6352
6266
6353
6265
6267
6354
6266
6268
6355
6269
6356
6268
6270
6357
6269
6271
6358
6272
6359
6271
6273
6360
6272
6274
6361
6275
6362
6274
6276
6363
6275
6277
6364
6278
6365
6277
6279
6366
6278
6280
6367
6281
6368
6280
6282
6369
6281
6283
6370
6284
6371
6283
6285
6372
6284
6286
6373
6287
6374
6286
6288
6375
6287
6289
6376
6290
6377
6289
6291
6378
6290
6292
6379
6293
6380
6292
6294
6381
6293
6295
6382
6296
6383
6295
6297
6384
6296
6298
6385
6299
6386
6298
6300
6387
6299
6301
6388
6302
6389
6301
6303
6390
6302
6304
6391
6305
6392
6304
6306
6393
6305
6307
6394
6308
6395
6307
6309
6396
6308
6310
6397
6311
6398
6310
6312
6399
6311
6313
6400
6314
6401
6313
6315
6402
6314
6316
6403
6317
6404
6316
6405
6317
6406
6407
6319
6321
6408
6320
6322
6409
6323
6410
6322
6324
6411
6323
6325
6412
6326
6413
6325
6327
6414
6326
6328
6415
6329
6416
6328
6330
6417
6329
6331
6418
6332
6419
6331
6333
6420
6332
6334
6421
6335
6422
6334
6336
6423
6335
6337
6424
6338
6425
6337
6339
6426
6338
6340
6427
6341
6428
6340
6342
6429
6341
6343
6430
6344
6431
6343
6345
6432
6344
6346
6433
6347
6434
6346
6348
6435
6347
6349
6436
6350
6437
6349
6351
6438
6350
6352
6439
6353
6440
6352
6354
6441
6353
6355
6442
6356
6443
6355
6357
6444
6356
6358
6445
6359
6446
6358
6360
6447
6359
6361
6448
6362
6449
6361
6363
6450
6362
6364
6451
6365
6452
6364
6366
6453
6365
6367
6454
6368
6455
6367
6369
6456
6368
6370
6457
6371
6458
6370
6372
6459
6371
6373
6460
6374
6461
6373
6375
6462
6374
6376
6463
6377
6464
6376
6378
6465
6377
6379
6466
6380
6467
6379
6381
6468
6380
6382
6469
6383
6470
6382
6384
6471
6383
6385
6472
6386
6473
6385
6387
6474
6386
6388
6475
6389
6476
6388
6390
6477
6389
6391
6478
6392
6479
6391
6393
6480
6392
6394
6481
6395
6482
6394
6396
6483
6395
6397
6484
6398
6485
6397
6399
6486
6398
6400
6487
6401
6488
6400
6402
6489
6401
6403
6490
6404
6491
6403
6405
6492
6404
6406
6493
6407
6494
6406
6495
6407
6496
6497
6409
6411
6498
6410
6412
6499
6413
6500
6412
6414
6501
6413
6415
6502
6416
6503
6415
6417
6504
6416
6418
6505
6419
6506
6418
6420
6507
6419
6421
6508
6422
6509
6421
6423
6510
6422
6424
6511
6425
6512
6424
6426
6513
6425
6427
6514
6428
6515
6427
6429
6516
6428
6430
6517
6431
6518
6430
6432
6519
6431
6433
6520
6434
6521
6433
6435
6522
6434
6436
6523
6437
6524
6436
6438
6525
6437
6439
6526
6440
6527
6439
6441
6528
6440
6442
6529
6443
6530
6442
6444
6531
6443
6445
6532
6446
6533
6445
6447
6534
6446
6448
6535
6449
6536
6448
6450
6537
6449
6451
6538
6452
6539
6451
6453
6540
6452
6454
6541
6455
6542
6454
6456
6543
6455
6457
6544
6458
6545
6457
6459
6546
6458
6460
6547
6461
6548
6460
6462
6549
6461
6463
6550
6464
6551
6463
6465
6552
6464
6466
6553
6467
6554
6466
6468
6555
6467
6469
6556
6470
6557
6469
6471
6558
6470
6472
6559
6473
6560
6472
6474
6561
6473
6475
6562
6476
6563
6475
6477
6564
6476
6478
6565
6479
6566
6478
6480
6567
6479
6481
6568
6482
6569
6481
6483
6570
6482
6484
6571
6485
6572
6484
6486
6573
6485
6487
6574
6488
6575
6487
6489
6576
6488
6490
6577
6491
6578
6490
6492
6579
6491
6493
6580
6494
6581
6493
6495
6582
6494
6496
6583
6497
6584
6496
6585
6497
6586
6587
6499
6501
6588
6500
6502
6589
6503
6590
6502
6504
6591
6503
6505
6592
6506
6593
6505
6507
6594
6506
6508
6595
6509
6596
6508
6510
6597
6509
6511
6598
6512
6599
6511
6513
6600
6512
6514
6601
6515
6602
6514
6516
6603
6515
6517
6604
6518
6605
6517
6519
6606
6518
6520
6607
6521
6608
6520
6522
6609
6521
6523
6610
6524
6611
6523
6525
6612
6524
6526
6613
6527
6614
6526
6528
6615
6527
6529
6616
6530
6617
6529
6531
6618
6530
6532
6619
6533
6620
6532
6534
6621
6533
6535
6622
6536
6623
6535
6537
6624
6536
6538
6625
6539
6626
6538
6540
6627
6539
6541
6628
6542
6629
6541
6543
6630
6542
6544
6631
6545
6632
6544
6546
6633
6545
6547
6634
6548
6635
6547
6549
6636
6548
6550
6637
6551
6638
6550
6552
6639
6551
6553
6640
6554
6641
6553
6555
6642
6554
6556
6643
6557
6644
6556
6558
6645
6557
6559
6646
6560
6647
6559
6561
6648
6560
6562
6649
6563
6650
6562
6564
6651
6563
6565
6652
6566
6653
6565
6567
6654
6566
6568
6655
6569
6656
6568
6570
6657
6569
6571
6658
6572
6659
6571
6573
6660
6572
6574
6661
6575
6662
6574
6576
6663
6575
6577
6664
6578
6665
6577
6579
6666
6578
6580
6667
6581
6668
6580
6582
6669
6581
6583
6670
6584
6671
6583
6585
6672
6584
6586
6673
6587
6674
6586
6675
6587
6676
6677
6589
6591
6678
6590
6592
6679
6593
6680
6592
6594
6681
6593
6595
6682
6596
6683
6595
6597
6684
6596
6598
6685
6599
6686
6598
6600
6687
6599
6601
6688
6602
6689
6601
6603
6690
6602
6604
6691
6605
6692
6604
6606
6693
6605
6607
6694
6608
6695
6607
6609
6696
6608
6610
6697
6611
6698
6610
6612
6699
6611
6613
6700
6614
6701
6613
6615
6702
6614
6616
6703
6617
6704
6616
6618
6705
6617
6619
6706
6620
6707
6619
6621
6708
6620
6622
6709
6623
6710
6622
6624
6711
6623
6625
6712
6626
6713
6625
6627
6714
6626
6628
6715
6629
6716
6628
6630
6717
6629
6631
6718
6632
6719
6631
6633
6720
6632
6634
6721
6635
6722
6634
6636
6723
6635
6637
6724
6638
6725
6637
6639
6726
6638
6640
6727
6641
6728
6640
6642
6729
6641
6643
6730
6644
6731
6643
6645
6732
6644
6646
6733
6647
6734
6646
6648
6735
6647
6649
6736
6650
6737
6649
6651
6738
6650
6652
6739
6653
6740
6652
6654
6741
6653
6655
6742
6656
6743
6655
6657
6744
6656
6658
6745
6659
6746
6658
6660
6747
6659
6661
6748
6662
6749
6661
6663
6750
6662
6664
6751
6665
6752
6664
6666
6753
6665
6667
6754
6668
6755
6667
6669
6756
6668
6670
6757
6671
6758
6670
6672
6759
6671
6673
6760
6674
6761
6673
6675
6762
6674
6676
6763
6677
6764
6676
6765
6677
6766
6767
6679
6681
6768
6680
6682
6769
6683
6770
6682
6684
6771
6683
6685
6772
6686
6773
6685
6687
6774
6686
6688
6775
6689
6776
6688
6690
6777
6689
6691
6778
6692
6779
6691
6693
6780
6692
6694
6781
6695
6782
6694
6696
6783
6695
6697
6784
6698
6785
6697
6699
6786
6698
6700
6787
6701
6788
6700
6702
6789
6701
6703
6790
6704
6791
6703
6705
6792
6704
6706
6793
6707
6794
6706
6708
6795
6707
6709
6796
6710
6797
6709
6711
6798
6710
6712
6799
6713
6800
6712
6714
6801
6713
6715
6802
6716
6803
6715
6717
6804
6716
6718
6805
6719
6806
6718
6720
6807
6719
6721
6808
6722
6809
6721
6723
6810
6722
6724
6811
6725
6812
6724
6726
6813
6725
6727
6814
6728
6815
6727
6729
6816
6728
6730
6817
6731
6818
6730
6732
6819
6731
6733
6820
6734
6821
6733
6735
6822
6734
6736
6823
6737
6824
6736
6738
6825
6737
6739
6826
6740
6827
6739
6741
6828
6740
6742
6829
6743
6830
6742
6744
6831
6743
6745
6832
6746
6833
6745
6747
6834
6746
6748
6835
6749
6836
6748
6750
6837
6749
6751
6838
6752
6839
6751
6753
6840
6752
6754
6841
6755
6842
6754
6756
6843
6755
6757
6844
6758
6845
6757
6759
6846
6758
6760
6847
6761
6848
6760
6762
6849
6761
6763
6850
6764
6851
6763
6765
6852
6764
6766
6853
6767
6854
6766
6855
6767
6856
6857
6769
6771
6858
6770
6772
6859
6773
6860
6772
6774
6861
6773
6775
6862
6776
6863
6775
6777
6864
6776
6778
6865
6779
6866
6778
6780
6867
6779
6781
6868
6782
6869
6781
6783
6870
6782
6784
6871
6785
6872
6784
6786
6873
6785
6787
6874
6788
6875
6787
6789
6876
6788
6790
6877
6791
6878
6790
6792
6879
6791
6793
6880
6794
6881
6793
6795
6882
6794
6796
6883
6797
6884
6796
6798
6885
6797
6799
6886
6800
6887
6799
6801
6888
6800
6802
6889
6803
6890
6802
6804
6891
6803
6805
6892
6806
6893
6805
6807
6894
6806
6808
6895
6809
6896
6808
6810
6897
6809
6811
6898
6812
6899
6811
6813
6900
6812
6814
6901
6815
6902
6814
6816
6903
6815
6817
6904
6818
6905
6817
6819
6906
6818
6820
6907
6821
6908
6820
6822
6909
6821
6823
6910
6824
6911
6823
6825
6912
6824
6826
6913
6827
6914
6826
6828
6915
6827
6829
6916
6830
6917
6829
6831
6918
6830
6832
6919
6833
6920
6832
6834
6921
6833
6835
6922
6836
6923
6835
6837
6924
6836
6838
6925
6839
6926
6838
6840
6927
6839
6841
6928
6842
6929
6841
6843
6930
6842
6844
6931
6845
6932
6844
6846
6933
6845
6847
6934
6848
6935
6847
6849
6936
6848
6850
6937
6851
6938
6850
6852
6939
6851
6853
6940
6854
6941
6853
6855
6942
6854
6856
6943
6857
6944
6856
6945
6857
6946
6947
6859
6861
6948
6860
6862
6949
6863
6950
6862
6864
6951
6863
6865
6952
6866
6953
6865
6867
6954
6866
6868
6955
6869
6956
6868
6870
6957
6869
6871
6958
6872
6959
6871
6873
6960
6872
6874
6961
6875
6962
6874
6876
6963
6875
6877
6964
6878
6965
6877
6879
6966
6878
6880
6967
6881
6968
6880
6882
6969
6881
6883
6970
6884
6971
6883
6885
6972
6884
6886
6973
6887
6974
6886
6888
6975
6887
6889
6976
6890
6977
6889
6891
6978
6890
6892
6979
6893
6980
6892
6894
6981
6893
6895
6982
6896
6983
6895
6897
6984
6896
6898
6985
6899
6986
6898
6900
6987
6899
6901
6988
6902
6989
6901
6903
6990
6902
6904
6991
6905
6992
6904
6906
6993
6905
6907
6994
6908
6995
6907
6909
6996
6908
6910
6997
6911
6998
6910
6912
6999
6911
6913
7000
6914
7001
6913
6915
7002
6914
6916
7003
6917
7004
6916
6918
7005
6917
6919
7006
6920
7007
6919
6921
7008
6920
6922
7009
6923
7010
6922
6924
7011
6923
6925
7012
6926
7013
6925
6927
7014
6926
6928
7015
6929
7016
6928
6930
7017
6929
6931
7018
6932
7019
6931
6933
7020
6932
6934
7021
6935
7022
6934
6936
7023
6935
6937
7024
6938
7025
6937
6939
7026
6938
6940
7027
6941
7028
6940
6942
7029
6941
6943
7030
6944
7031
6943
6945
7032
6944
6946
7033
6947
7034
6946
7035
6947
7036
7037
6949
6951
7038
6950
6952
7039
6953
7040
6952
6954
7041
6953
6955
7042
6956
7043
6955
6957
7044
6956
6958
7045
6959
7046
6958
6960
7047
6959
6961
7048
6962
7049
6961
6963
7050
6962
6964
7051
6965
7052
6964
6966
7053
6965
6967
7054
6968
7055
6967
6969
7056
6968
6970
7057
6971
7058
6970
6972
7059
6971
6973
7060
6974
7061
6973
6975
7062
6974
6976
7063
6977
7064
6976
6978
7065
6977
6979
7066
6980
7067
6979
6981
7068
6980
6982
7069
6983
7070
6982
6984
7071
6983
6985
7072
6986
7073
6985
6987
7074
6986
6988
7075
6989
7076
6988
6990
7077
6989
6991
7078
6992
7079
6991
6993
7080
6992
6994
7081
6995
7082
6994
6996
7083
6995
6997
7084
6998
7085
6997
6999
7086
6998
7000
7087
7001
7088
7000
7002
7089
7001
7003
7090
7004
7091
7003
7005
7092
7004
7006
7093
7007
7094
7006
7008
7095
7007
7009
7096
7010
7097
7009
7011
7098
7010
7012
7099
7013
7100
7012
7014
7101
7013
7015
7102
7016
7103
7015
7017
7104
7016
7018
7105
7019
7106
7018
7020
7107
7019
7021
7108
7022
7109
7021
7023
7110
7022
7024
7111
7025
7112
7024
7026
7113
7025
7027
7114
7028
7115
7027
7029
7116
7028
7030
7117
7031
7118
7030
7032
7119
7031
7033
7120
7034
7121
7033
7035
7122
7034
7036
7123
7037
7124
7036
7125
7037
7126
7127
7039
7041
7128
7040
7042
7129
7043
7130
7042
7044
7131
7043
7045
7132
7046
7133
7045
7047
7134
7046
7048
7135
7049
7136
7048
7050
7137
7049
7051
7138
7052
7139
7051
7053
7140
7052
7054
7141
7055
7142
7054
7056
7143
7055
7057
7144
7058
7145
7057
7059
7146
7058
7060
7147
7061
7148
7060
7062
7149
7061
7063
7150
7064
7151
7063
7065
7152
7064
7066
7153
7067
7154
7066
7068
7155
7067
7069
7156
7070
7157
7069
7071
7158
7070
7072
7159
7073
7160
7072
7074
7161
7073
7075
7162
7076
7163
7075
7077
7164
7076
7078
7165
7079
7166
7078
7080
7167
7079
7081
7168
7082
7169
7081
7083
7170
7082
7084
7171
7085
7172
7084
7086
7173
7085
7087
7174
7088
7175
7087
7089
7176
7088
7090
7177
7091
7178
7090
7092
7179
7091
7093
7180
7094
7181
7093
7095
7182
7094
7096
7183
7097
7184
7096
7098
7185
7097
7099
7186
7100
7187
7099
7101
7188
7100
7102
7189
7103
7190
7102
7104
7191
7103
7105
7192
7106
7193
7105
7107
7194
7106
7108
7195
7109
7196
7108
7110
7197
7109
7111
7198
7112
7199
7111
7113
7200
7112
7114
7201
7115
7202
7114
7116
7203
7115
7117
7204
7118
7205
7117
7119
7206
7118
7120
7207
7121
7208
7120
7122
7209
7121
7123
7210
7124
7211
7123
7125
7212
7124
7126
7213
7127
7214
7126
7215
7127
7216
7217
7129
7131
7218
7130
7132
7219
7133
7220
7132
7134
7221
7133
7135
7222
7136
7223
7135
7137
7224
7136
7138
7225
7139
7226
7138
7140
7227
7139
7141
7228
7142
7229
7141
7143
7230
7142
7144
7231
7145
7232
7144
7146
7233
7145
7147
7234
7148
7235
7147
7149
7236
7148
7150
7237
7151
7238
7150
7152
7239
7151
7153
7240
7154
7241
7153
7155
7242
7154
7156
7243
7157
7244
7156
7158
7245
7157
7159
7246
7160
7247
7159
7161
7248
7160
7162
7249
7163
7250
7162
7164
7251
7163
7165
7252
7166
7253
7165
7167
7254
7166
7168
7255
7169
7256
7168
7170
7257
7169
7171
7258
7172
7259
7171
7173
7260
7172
7174
7261
7175
7262
7174
7176
7263
7175
7177
7264
7178
7265
7177
7179
7266
7178
7180
7267
7181
7268
7180
7182
7269
7181
7183
7270
7184
7271
7183
7185
7272
7184
7186
7273
7187
7274
7186
7188
7275
7187
7189
7276
7190
7277
7189
7191
7278
7190
7192
7279
7193
7280
7192
7194
7281
7193
7195
7282
7196
7283
7195
7197
7284
7196
7198
7285
7199
7286
7198
7200
7287
7199
7201
7288
7202
7289
7201
7203
7290
7202
7204
7291
7205
7292
7204
7206
7293
7205
7207
7294
7208
7295
7207
7209
7296
7208
7210
7297
7211
7298
7210
7212
7299
7211
7213
7300
7214
7301
7213
7215
7302
7214
7216
7303
7217
7304
7216
7305
7217
7306
7307
7219
7221
7220
7222
7223
7222
7224
7223
7225
7226
7225
7227
7226
7228
7229
7228
7230
7229
7231
7232
7231
7233
7232
7234
7235
7234
7236
7235
7237
7238
7237
7239
7238
7240
7241
7240
7242
7241
7243
7244
7243
7245
7244
7246
7247
7246
7248
7247
7249
7250
7249
7251
7250
7252
7253
7252
7254
7253
7255
7256
7255
7257
7256
7258
7259
7258
7260
7259
7261
7262
7261
7263
7262
7264
7265
7264
7266
7265
7267
7268
7267
7269
7268
7270
7271
7270
7272
7271
7273
7274
7273
7275
7274
7276
7277
7276
7278
7277
7279
7280
7279
7281
7280
7282
7283
7282
7284
7283
7285
7286
7285
7287
7286
7288
7289
7288
7290
7289
7291
7292
7291
7293
7292
7294
7295
7294
7296
7295
7297
7298
7297
7299
7298
7300
7301
7300
7302
7301
7303
7304
7303
7305
7304
7306
7307
7306
7307
)


// ************************************************************************* //
