/*--------------------------------*- C++ -*----------------------------------*\
| =========                 |                                                 |
| \\      /  F ield         | OpenFOAM: The Open Source CFD Toolbox           |
|  \\    /   O peration     | Version:  1.7.x                                 |
|   \\  /    A nd           | Web:      www.OpenFOAM.com                      |
|    \\/     M anipulation  |                                                 |
\*---------------------------------------------------------------------------*/
FoamFile
{
    version     2.0;
    format      ascii;
    class       faceSet;
    location    "constant/polyMesh/sets";
    object      nonOrthoFaces;
}
// * * * * * * * * * * * * * * * * * * * * * * * * * * * * * * * * * * * * * //


992
(
163852 
163854 
163966 
188544 
188546 
163973 
188595 
188601 
188605 
188607 
164057 
164062 
188646 
188651 
188654 
188656 
188695 
188700 
188703 
188705 
287016 
287017 
287019 
287020 
287022 
287023 
287025 
287026 
164146 
287028 
287029 
164151 
188744 
287051 
287052 
188749 
287054 
287055 
188752 
287057 
287058 
188754 
287060 
287061 
287086 
287087 
287089 
287090 
287092 
287093 
188793 
188798 
188801 
188803 
164235 
164240 
287121 
287122 
287124 
188842 
188847 
188850 
188852 
188891 
188896 
188899 
164324 
188901 
164329 
205314 
188940 
188945 
188948 
188950 
205358 
205363 
188989 
164413 
188994 
164418 
188997 
188999 
205396 
205400 
189038 
189043 
189046 
189048 
205433 
205437 
164502 
164507 
205470 
189087 
205474 
189092 
189095 
189097 
287424 
287425 
287427 
205507 
287428 
287430 
287431 
205511 
287433 
287434 
287436 
287437 
189136 
189141 
189144 
189146 
287459 
287460 
287462 
287463 
205544 
287465 
287466 
287468 
205548 
287469 
164591 
164596 
189185 
287494 
189190 
287495 
287497 
189193 
287498 
189195 
287500 
287501 
205581 
205585 
287529 
287530 
287532 
205618 
189234 
205622 
189239 
189242 
189244 
164680 
164685 
205655 
205659 
189283 
189288 
189291 
189292 
205692 
205696 
189322 
189325 
205729 
164769 
205733 
164774 
205766 
205770 
205803 
205807 
164858 
164863 
205840 
205844 
205877 
205880 
205902 
205904 
164947 
287832 
164952 
287833 
287835 
287836 
287838 
287839 
287841 
287842 
287844 
287845 
205945 
287867 
287868 
287870 
287871 
287873 
205953 
287874 
287876 
287877 
287902 
287903 
205984 
287905 
287906 
287908 
287909 
205990 
165036 
165041 
287937 
287938 
287940 
206021 
206027 
206058 
206064 
165125 
165130 
206095 
206101 
206132 
206138 
206169 
165214 
206175 
165219 
206206 
206212 
206243 
206249 
165303 
165308 
206280 
206286 
206317 
288240 
288241 
288243 
206323 
288244 
288246 
288247 
288249 
288250 
288252 
288253 
165392 
206354 
288275 
288276 
165397 
288278 
288279 
206360 
288281 
288282 
288284 
288285 
288310 
288311 
206391 
288313 
288314 
288316 
288317 
206397 
288345 
288346 
288348 
206428 
206434 
165481 
165486 
206465 
206471 
206492 
165570 
165575 
165659 
288648 
288649 
288651 
288652 
288654 
288655 
288657 
288658 
288660 
288661 
288683 
288684 
288686 
288687 
288689 
288690 
288692 
288693 
288718 
288719 
288721 
288722 
288724 
288725 
288753 
288754 
288756 
289056 
289057 
321826 
289059 
289060 
289062 
289063 
289065 
289066 
289068 
289069 
321859 
289091 
289092 
289094 
321863 
289095 
289097 
289098 
289100 
289101 
289126 
289127 
321896 
289129 
289130 
321900 
289132 
289133 
289161 
289162 
289164 
321933 
321937 
379302 
379304 
321970 
321974 
379343 
379348 
379351 
322007 
379353 
322011 
322044 
379392 
322048 
379397 
379400 
379401 
322081 
322085 
379431 
379434 
322118 
322122 
322155 
322159 
322192 
322196 
322229 
289464 
322233 
289465 
289467 
289468 
289470 
289471 
289473 
289474 
289476 
289477 
322266 
289499 
289500 
322270 
289502 
289503 
289505 
289506 
289508 
289509 
289534 
322303 
289535 
289537 
289538 
322307 
289540 
289541 
289569 
289570 
322340 
289572 
322344 
101181 
101185 
101189 
322377 
322381 
101228 
322414 
101232 
322418 
101236 
322451 
322455 
101275 
101279 
101283 
322488 
322492 
101322 
101326 
101330 
322525 
322529 
101369 
101373 
101377 
322562 
322566 
322599 
101416 
322603 
101420 
101424 
322636 
322640 
289872 
289873 
289875 
289876 
289878 
289879 
101463 
289881 
289882 
101467 
289884 
289885 
101471 
322673 
289907 
289908 
322677 
289910 
289911 
289913 
289914 
289916 
289917 
101510 
101514 
101518 
322710 
289942 
289943 
289945 
322714 
289946 
289948 
289949 
101557 
289977 
101561 
289978 
322747 
289980 
101565 
322751 
322784 
322788 
101604 
101608 
101612 
322821 
322825 
101651 
101655 
101659 
322858 
322861 
101698 
322883 
322885 
101702 
101706 
322916 
322922 
101745 
101749 
101753 
322953 
322959 
101792 
101796 
101800 
322990 
322996 
101838 
101841 
323027 
101844 
323033 
290280 
290281 
290283 
290284 
290286 
290287 
290289 
290290 
290292 
290293 
323064 
323070 
290315 
290316 
290318 
290319 
290321 
290322 
290324 
290325 
323101 
323107 
290350 
290351 
290353 
290354 
290356 
290357 
323138 
323144 
290385 
290386 
290388 
323175 
323181 
323212 
323218 
323249 
323255 
323286 
323292 
323323 
323329 
323360 
323366 
323397 
323403 
323434 
323440 
290688 
290689 
290691 
290692 
290694 
290695 
290697 
290698 
290700 
290701 
323471 
323477 
290723 
290724 
290726 
290727 
290729 
290730 
290732 
290733 
323508 
323514 
290758 
290759 
290761 
290762 
290764 
290765 
323545 
323551 
290793 
290794 
290796 
323582 
323588 
323619 
323625 
323656 
323662 
323693 
323699 
323730 
323736 
323767 
323773 
323804 
323810 
323841 
323847 
291096 
291097 
291099 
291100 
291102 
291103 
291105 
291106 
291108 
291109 
323878 
323884 
291131 
291132 
291134 
291135 
291137 
291138 
291140 
291141 
323915 
323921 
291166 
291167 
291169 
291170 
291172 
291173 
323942 
291201 
291202 
291204 
143944 
143946 
291504 
291505 
291506 
291507 
291508 
291509 
291510 
291511 
291512 
144056 
291513 
144061 
144063 
144065 
291527 
291528 
291529 
291530 
291531 
291532 
291533 
291534 
291550 
291551 
291552 
291553 
291554 
291555 
291573 
291574 
144147 
144151 
144152 
144154 
144236 
144240 
144241 
144243 
291768 
291770 
144325 
144329 
144330 
144332 
291809 
291814 
291817 
291819 
291858 
291863 
291866 
291868 
144414 
144418 
144419 
144421 
291907 
291912 
291915 
291917 
291956 
144503 
291961 
144507 
291964 
144508 
291966 
144510 
382112 
292005 
292010 
292013 
292015 
382145 
382149 
144592 
144596 
144597 
292054 
144599 
292059 
292062 
292064 
382182 
382185 
382207 
382209 
292103 
292108 
292111 
292113 
382240 
382246 
144681 
144685 
144686 
144688 
292152 
292157 
292160 
292162 
382277 
382283 
382304 
292201 
292206 
292209 
292211 
144770 
144774 
144775 
144777 
292250 
292255 
292258 
292260 
292299 
292304 
292307 
292309 
144859 
144863 
144864 
144866 
292348 
292353 
292356 
292358 
292397 
292402 
144948 
292405 
292407 
144952 
144953 
144955 
292446 
292451 
292454 
292456 
145037 
292495 
145041 
145042 
292500 
145044 
292503 
292505 
292544 
292549 
292552 
292554 
145126 
145130 
145131 
145133 
292593 
292598 
292601 
292603 
292642 
292647 
292650 
292652 
145215 
145219 
145220 
145222 
292691 
292696 
292699 
292701 
292740 
292745 
292748 
292750 
145304 
145308 
145309 
145311 
292789 
292794 
292797 
292799 
292838 
292843 
292846 
292848 
145393 
145397 
145398 
145400 
292887 
292892 
292895 
292897 
292936 
145482 
292941 
145486 
145487 
292944 
145489 
292946 
292985 
292990 
292993 
292995 
145571 
145575 
145576 
293034 
145578 
293039 
293042 
293044 
293083 
293088 
293091 
293093 
145660 
162046 
145664 
145665 
145666 
293132 
293137 
293140 
293141 
293171 
293174 
145749 
145752 
162161 
162165 
162251 
162254 
162340 
162343 
162429 
162432 
162518 
162521 
162607 
162610 
162696 
162699 
162785 
162788 
162874 
162877 
285792 
285793 
285795 
285796 
285798 
285799 
285801 
285802 
285804 
285805 
285827 
285828 
285830 
285831 
285833 
285834 
285836 
285837 
162963 
162966 
285862 
285863 
285865 
285866 
285868 
285869 
285897 
285898 
163052 
163055 
163141 
163144 
163230 
163233 
163319 
286200 
286201 
163322 
286203 
286204 
286206 
286207 
286209 
286210 
286212 
286213 
286235 
286236 
286238 
286239 
286241 
286242 
286244 
286245 
286270 
286271 
286273 
286274 
286276 
286277 
163408 
163411 
286305 
286306 
286308 
163497 
163500 
163586 
163589 
163675 
163678 
286608 
286609 
286611 
286612 
286614 
286615 
286617 
286618 
286620 
286621 
286643 
286644 
163764 
286646 
163766 
286647 
286649 
286650 
286652 
286653 
286678 
286679 
286681 
286682 
286684 
286685 
286713 
286714 
286716 
)

// ************************************************************************* //
